vx  vy
-0.54098E-13  0.88818E-14
0.11206E+02  0.95923E-13
0.63613E+01  0.56843E-13
0.43341E+01  0.56843E-13
0.33745E+01  0.56843E-13
0.28358E+01  -0.63949E-13
0.25183E+01  0.42633E-13
0.23179E+01  -0.12079E-12
0.21761E+01  -0.12612E-12
0.20620E+01  -0.30198E-13
0.19744E+01  0.14211E-13
0.19638E+01  -0.43521E-13
0.20791E+01  0.79936E-14
0.22141E+01  -0.23981E-13
0.24022E+01  0.50626E-13
0.24681E+01  0.56843E-13
0.24626E+01  -0.62172E-14
0.23552E+01  0.00000E+00
0.20381E+01  -0.22204E-14
0.17117E+01  -0.20872E-13
0.13347E+01  0.15543E-13
0.10851E+01  -0.26645E-13
0.95355E+00  -0.18652E-13
0.89000E+00  -0.21538E-13
0.87466E+00  0.17764E-14
0.89204E+00  0.73275E-14
0.91010E+00  -0.59952E-14
0.92022E+00  -0.66613E-15
0.90822E+00  -0.99920E-15
0.86440E+00  -0.15543E-14
0.78808E+00  0.41633E-14
0.67469E+00  -0.26090E-14
0.56226E+00  -0.63838E-15
0.46242E+00  0.13878E-15
0.38146E+00  -0.54123E-15
0.31450E+00  0.33307E-15
0.25361E+00  0.17208E-14
0.19354E+00  0.24980E-14
0.13142E+00  0.23315E-14
0.66595E-01  -0.99920E-15
-0.28418E-14  0.42722E-14
-0.42715E-13  0.11153E+02
0.58940E+01  0.58402E+01
0.54092E+01  0.21502E+01
0.39265E+01  0.11240E+01
0.31886E+01  0.62366E+00
0.27350E+01  0.36734E+00
0.24635E+01  0.22377E+00
0.22915E+01  0.14927E+00
0.21650E+01  0.11939E+00
0.20546E+01  0.10663E+00
0.19424E+01  0.92020E-01
0.18949E+01  -0.28793E-01
0.19116E+01  -0.15658E+00
0.26008E+01  -0.36179E+00
0.24661E+01  -0.44295E-01
0.24848E+01  -0.58019E-02
0.24861E+01  -0.19853E-03
0.24624E+01  0.17485E+00
0.26206E+01  0.25094E+00
0.15640E+01  0.58276E+00
0.12550E+01  0.27036E+00
0.10340E+01  0.16556E+00
0.92077E+00  0.87550E-01
0.86313E+00  0.31744E-01
0.87021E+00  -0.17088E-01
0.87118E+00  -0.21618E-01
0.92178E+00  -0.24554E-01
0.93049E+00  -0.12062E-02
0.92409E+00  0.20638E-01
0.89370E+00  0.56100E-01
0.77314E+00  0.11749E+00
0.69208E+00  0.11665E+00
0.55078E+00  0.11705E+00
0.45147E+00  0.86681E-01
0.37467E+00  0.69667E-01
0.31170E+00  0.60620E-01
0.25351E+00  0.58477E-01
0.19480E+00  0.60350E-01
0.13298E+00  0.63689E-01
0.67563E-01  0.66559E-01
0.20475E-14  0.67634E-01
-0.67754E-13  0.62543E+01
0.22036E+01  0.53014E+01
0.32440E+01  0.31350E+01
0.30635E+01  0.17772E+01
0.27111E+01  0.10618E+01
0.24659E+01  0.63273E+00
0.23151E+01  0.38215E+00
0.22233E+01  0.25487E+00
0.21487E+01  0.21432E+00
0.20392E+01  0.23143E+00
0.19116E+01  0.20904E+00
0.16564E+01  0.19705E+00
0.16854E+01  -0.75135E+00
0.58079E-04  -0.36035E-04
0.21969E-04  -0.25761E-05
0.25487E-04  0.33962E-05
0.25624E-04  0.78923E-05
0.21976E-04  0.28934E-04
0.63781E-04  0.25055E+01
0.13773E+01  0.74018E+00
0.98088E+00  0.49468E+00
0.91635E+00  0.27902E+00
0.82962E+00  0.16805E+00
0.78568E+00  0.52197E-01
0.76977E+00  -0.39213E-01
0.10140E+01  -0.14042E+00
0.94996E+00  -0.22084E-01
0.95311E+00  -0.13256E-02
0.96016E+00  0.13709E-01
0.96957E+00  0.11387E+00
0.10815E+01  0.17208E+00
0.63058E+00  0.35212E+00
0.50942E+00  0.21676E+00
0.41468E+00  0.16561E+00
0.35590E+00  0.12943E+00
0.30468E+00  0.11456E+00
0.25451E+00  0.11301E+00
0.20002E+00  0.11925E+00
0.13835E+00  0.12818E+00
0.70995E-01  0.13505E+00
0.38847E-14  0.13768E+00
-0.29077E-12  0.41762E+01
0.11744E+01  0.37660E+01
0.18837E+01  0.28954E+01
0.21286E+01  0.19559E+01
0.21266E+01  0.12339E+01
0.21000E+01  0.73165E+00
0.21038E+01  0.42423E+00
0.21389E+01  0.27095E+00
0.21594E+01  0.25474E+00
0.21249E+01  0.33338E+00
0.18041E+01  0.50812E+00
0.15766E+01  0.40824E+00
0.87700E+00  0.19200E+00
0.43625E-04  0.18546E-05
0.37203E-04  -0.20040E-05
0.30330E-04  0.46195E-05
0.30194E-04  0.90737E-05
0.37324E-04  0.11418E-04
0.40930E-04  0.10795E+01
0.51373E+00  0.90064E+00
0.77430E+00  0.49579E+00
0.75901E+00  0.34459E+00
0.72355E+00  0.22437E+00
0.64180E+00  0.14454E+00
0.65242E+00  -0.25582E+00
0.22283E-04  -0.13532E-04
0.84768E-05  0.35654E-06
0.98213E-05  0.35937E-05
0.10009E-04  0.58329E-05
0.87142E-05  0.14744E-04
0.27382E-04  0.11620E+01
0.56450E+00  0.41680E+00
0.38810E+00  0.31133E+00
0.36203E+00  0.21416E+00
0.32751E+00  0.17095E+00
0.29768E+00  0.15475E+00
0.26150E+00  0.15939E+00
0.21176E+00  0.17648E+00
0.15100E+00  0.19452E+00
0.77772E-01  0.20862E+00
-0.79729E-14  0.21323E+00
0.31214E-12  0.31719E+01
0.66618E+00  0.29797E+01
0.11532E+01  0.24877E+01
0.13984E+01  0.18670E+01
0.14704E+01  0.12155E+01
0.16046E+01  0.64850E+00
0.18718E+01  0.28935E+00
0.20648E+01  0.18109E+00
0.22203E+01  0.15597E+00
0.23423E+01  0.43645E+00
0.27386E+01  0.63476E+00
0.13290E+01  0.12221E+01
0.70585E+00  0.86169E+00
0.43250E-04  0.75308E-05
0.36422E-04  0.68027E-05
0.33276E-04  0.61607E-05
0.33121E-04  0.68477E-05
0.35536E-04  0.71425E-05
0.40433E-04  0.54764E+00
0.36045E+00  0.50048E+00
0.58228E+00  0.42459E+00
0.66315E+00  0.34672E+00
0.63229E+00  0.29462E+00
0.54146E+00  0.21325E+00
0.32408E+00  0.89879E-01
0.17958E-04  0.90765E-06
0.15390E-04  0.72049E-06
0.12431E-04  0.42232E-05
0.12018E-04  0.64511E-05
0.14802E-04  0.70944E-05
0.15949E-04  0.58818E+00
0.19155E+00  0.50425E+00
0.28830E+00  0.31345E+00
0.29171E+00  0.23021E+00
0.29909E+00  0.18298E+00
0.29783E+00  0.17343E+00
0.27889E+00  0.19516E+00
0.24386E+00  0.22955E+00
0.17095E+00  0.26959E+00
0.90966E-01  0.29041E+00
0.78840E-14  0.29898E+00
0.22807E-12  0.26003E+01
0.39410E+00  0.24903E+01
0.69659E+00  0.21890E+01
0.83716E+00  0.17969E+01
0.89482E+00  0.10615E+01
0.21781E-04  0.64006E-05
0.16410E-04  0.19921E-04
0.20475E-04  0.24067E-04
0.23190E-04  0.26393E-04
0.20940E-04  0.48604E-04
0.73850E-04  0.35203E+01
0.12570E+01  0.16232E+01
0.46040E+00  0.15016E+01
0.38478E-04  0.14682E-04
0.35598E-04  0.10718E-04
0.31584E-04  0.84557E-05
0.31805E-04  0.50552E-05
0.35144E-04  0.25249E-05
0.37738E-04  0.15626E+00
0.34162E+00  0.19846E+00
0.58327E+00  0.27285E+00
0.66126E+00  0.34118E+00
0.60518E+00  0.37575E+00
0.47440E+00  0.36878E+00
0.26690E+00  0.34129E+00
0.19530E-04  0.30856E-05
0.16343E-04  0.46261E-05
0.14317E-04  0.54942E-05
0.13282E-04  0.61946E-05
0.13329E-04  0.59106E-05
0.14543E-04  0.40917E+00
0.98178E-01  0.36846E+00
0.18141E+00  0.28069E+00
0.22707E+00  0.20327E+00
0.27428E+00  0.15784E+00
0.31349E+00  0.16067E+00
0.33430E+00  0.20631E+00
0.26828E+00  0.30058E+00
0.22559E+00  0.34872E+00
0.10684E+00  0.39379E+00
0.51109E-14  0.39718E+00
0.92259E-13  0.22703E+01
0.22747E+00  0.22002E+01
0.39734E+00  0.20116E+01
0.47278E+00  0.17294E+01
0.33298E+00  0.14084E+01
0.27454E-04  0.12120E-04
0.24591E-04  0.17276E-04
0.24534E-04  0.22193E-04
0.26209E-04  0.26302E-04
0.35956E-04  0.26182E-04
0.38920E-04  0.21629E+01
0.41114E+00  0.20508E+01
0.55301E+00  0.18344E+01
0.48114E-04  0.15685E-04
0.29165E-04  0.19579E-04
0.27039E-04  0.91543E-05
0.26573E-04  0.29046E-05
0.30634E-04  -0.19490E-05
0.44960E-04  -0.35461E+00
0.59945E+00  -0.19202E+00
0.75739E+00  0.17568E+00
0.71988E+00  0.38675E+00
0.67973E+00  0.47625E+00
0.49409E+00  0.55709E+00
0.26030E+00  0.59704E+00
0.19639E-04  0.65397E-05
0.17900E-04  0.71124E-05
0.14535E-04  0.78148E-05
0.12735E-04  0.69502E-05
0.12050E-04  0.54707E-05
0.12178E-04  0.33465E+00
0.41162E-01  0.30162E+00
0.28420E-01  0.24139E+00
0.16371E+00  0.12281E+00
0.25598E+00  0.94538E-01
0.34480E+00  0.93027E-01
0.43152E+00  0.19435E+00
0.61227E+00  0.29581E+00
0.24483E+00  0.54185E+00
0.11894E+00  0.50169E+00
0.82965E-14  0.50150E+00
-0.91580E-14  0.20894E+01
0.11523E+00  0.20393E+01
0.21151E+00  0.19065E+01
0.23335E+00  0.17428E+01
0.16567E+00  0.15939E+01
0.30771E-04  0.15367E-04
0.28548E-04  0.19084E-04
0.27486E-04  0.21863E-04
0.28507E-04  0.22834E-04
0.30864E-04  0.21471E-04
0.35651E-04  0.16734E+01
0.41422E+00  0.15897E+01
0.55413E+00  0.22778E+01
0.28004E+01  0.59635E-04
0.16765E+01  0.21148E-04
0.16282E+01  0.95782E-05
0.22501E+01  -0.13314E-05
0.23621E+01  -0.14931E-04
0.25040E+01  -0.16236E+01
0.94719E+00  -0.18945E+00
0.10940E+01  0.14888E+00
0.12849E+01  0.37772E+00
0.70783E+00  0.75318E+00
0.55683E+00  0.71633E+00
0.41234E+00  0.84350E+00
0.29462E-04  0.73199E-05
0.16795E-04  0.13426E-04
0.13666E-04  0.10098E-04
0.11083E-04  0.85655E-05
0.95516E-05  0.60830E-05
0.88604E-05  0.28896E+00
0.14684E-01  0.31983E+00
-0.23091E-05  0.67069E-05
0.14680E-05  0.84509E-05
0.24494E-05  0.10516E-04
0.37834E-05  0.11360E-04
0.38781E-05  0.16988E-04
0.19225E-04  0.10991E+01
0.27404E+00  0.64181E+00
0.81155E-01  0.62156E+00
-0.62156E-14  0.60220E+00
0.12371E-12  0.20180E+01
0.35004E-01  0.19620E+01
0.63189E-01  0.18459E+01
0.13493E+00  0.17262E+01
0.85947E-01  0.17096E+01
0.32802E-04  0.17692E-04
0.32614E-04  0.21178E-04
0.28811E-04  0.23745E-04
0.26594E-04  0.22383E-04
0.27390E-04  0.18144E-04
0.30303E-04  0.12528E+01
0.39472E+00  0.13097E+01
0.10141E+01  0.12234E+01
0.12098E+01  0.11341E+01
0.14350E+01  0.37566E+00
0.13815E+01  -0.52267E+00
0.50389E-04  -0.29759E-04
0.20776E-04  -0.44761E-05
0.19050E-04  -0.12116E-05
0.16235E-04  -0.67167E-06
0.10038E-04  0.18445E-04
0.36407E-04  0.17100E+01
0.73368E+00  0.81402E+00
0.58378E+00  0.73861E+00
0.53448E+00  0.12183E+01
0.19217E+01  0.35521E-04
0.13196E+01  0.14929E-04
0.11062E+01  0.12849E-04
0.91368E+00  0.10599E-04
0.64100E+00  0.75688E-05
0.24431E+00  0.16497E+00
0.71037E-01  0.36128E+00
0.44170E-05  0.35200E-05
0.36268E-05  0.78119E-05
0.41655E-05  0.96708E-05
0.45532E-05  0.11079E-04
0.72045E-05  0.10540E-04
0.74442E-05  0.82199E+00
0.55647E-01  0.78006E+00
0.57122E-01  0.68424E+00
-0.95290E-14  0.66886E+00
0.36761E-13  0.20801E+01
-0.12784E+00  0.19955E+01
0.65492E-02  0.17174E+01
0.55611E-01  0.16339E+01
0.30572E+00  0.17218E+01
0.53599E-04  0.15269E-04
0.33621E-04  0.30524E-04
0.26687E-04  0.28242E-04
0.23338E-04  0.24386E-04
0.20184E-04  0.17665E-04
0.22613E-04  0.79786E+00
0.49073E+00  0.84016E+00
0.80014E+00  0.90613E+00
0.10337E+01  0.74295E+00
0.97398E+00  0.54471E+00
0.63675E+00  0.16851E+00
0.36173E-04  0.15580E-05
0.30539E-04  -0.30311E-05
0.23295E-04  0.13054E-05
0.20046E-04  0.56279E-05
0.22631E-04  0.82400E-05
0.23525E-04  0.96224E+00
0.31141E+00  0.86450E+00
0.54481E+00  0.68600E+00
0.86265E+00  0.59581E+00
0.10354E+01  0.56791E+00
0.12582E+01  0.16232E+00
0.11306E+01  0.14927E+00
0.90152E+00  0.24235E+00
0.70392E+00  0.29202E+00
0.40642E+00  0.39004E+00
0.17363E+00  0.47816E+00
0.78678E-05  0.52214E-05
0.63911E-05  0.81107E-05
0.54700E-05  0.99142E-05
0.51267E-05  0.10451E-04
0.51062E-05  0.97427E-05
0.55556E-05  0.76303E+00
0.17550E-01  0.74682E+00
0.16124E-01  0.72131E+00
0.67286E-14  0.70660E+00
0.58466E-13  0.22958E+01
-0.26205E+00  0.21097E+01
-0.10715E+01  0.18915E+01
-0.25258E-01  0.93938E+00
0.56043E+00  0.18816E+01
0.36953E+01  0.62486E-04
0.33578E+01  0.31623E-04
0.30989E+01  0.32671E-04
0.16196E+01  0.34762E-04
0.83731E+00  0.17369E-04
0.55815E+00  0.10761E+00
0.59410E+00  0.52046E+00
0.88748E+00  0.64350E+00
0.87364E+00  0.77785E+00
0.82278E+00  0.70723E+00
0.45690E+00  0.63408E+00
0.35366E-04  0.52841E-05
0.29721E-04  0.51543E-05
0.25659E-04  0.52573E-05
0.23164E-04  0.64925E-05
0.22424E-04  0.75216E-05
0.24261E-04  0.67934E+00
0.18950E+00  0.60727E+00
0.36776E+00  0.48314E+00
0.68570E+00  0.32327E+00
0.96250E+00  0.20573E+00
0.11229E+01  0.15343E+00
0.12249E+01  0.23698E+00
0.14253E+01  0.34751E+00
0.71217E+00  0.71397E+00
0.46275E+00  0.63644E+00
0.21206E+00  0.68866E+00
0.10240E-04  0.74143E-05
0.90055E-05  0.96922E-05
0.63521E-05  0.11403E-04
0.46640E-05  0.11189E-04
0.34184E-05  0.99466E-05
0.35498E-05  0.75249E+00
0.19271E-02  0.74259E+00
-0.13299E-02  0.72614E+00
0.10573E-13  0.71712E+00
-0.87392E-13  0.25107E+01
-0.47673E+00  0.30111E+01
-0.45045E-04  0.68547E-04
0.20742E-06  0.54630E-04
0.13605E-04  0.56815E-04
0.24349E-04  0.54083E-04
0.29048E-04  0.53759E-04
0.75564E-04  0.29310E+01
0.82447E+00  0.80935E+00
0.64599E+00  0.15637E+00
0.70335E+00  0.10632E+00
0.84835E+00  0.20587E+00
0.10846E+01  0.49520E+00
0.15599E+01  0.68110E+00
0.74943E+00  0.11649E+01
0.38770E+00  0.10305E+01
0.32592E-04  0.10699E-04
0.30161E-04  0.90918E-05
0.25630E-04  0.90525E-05
0.22984E-04  0.81954E-05
0.22288E-04  0.69635E-05
0.22192E-04  0.53634E+00
0.88752E-01  0.47122E+00
0.14800E-04  0.14683E-03
0.10661E-04  0.14766E-03
0.87816E-05  0.14840E-03
0.82965E-05  0.14909E-03
0.91804E-05  0.14968E-03
0.15128E-02  0.18432E+01
0.72648E+00  0.85830E+00
0.42459E+00  0.84412E+00
0.33730E+00  0.89131E+00
0.20816E-04  0.78016E-05
0.97190E-05  0.15078E-04
0.65595E-05  0.13565E-04
0.37054E-05  0.13248E-04
0.16147E-05  0.11191E-04
-0.32785E-05  0.77091E+00
-0.41496E-01  0.75476E+00
-0.14965E-01  0.71310E+00
-0.38555E-14  0.70883E+00
-0.75992E-13  0.27650E+01
-0.59620E-01  0.28513E+01
-0.30432E-05  0.25490E-04
-0.11248E-05  0.45226E-04
0.11154E-04  0.45475E-04
0.18947E-04  0.42608E-04
0.29838E-04  0.34118E-04
0.29183E-04  0.20921E+01
-0.15195E-04  0.41067E-04
0.66010E-05  0.27495E-04
0.68619E-05  0.27432E-04
0.96752E-05  0.26575E-04
0.97498E-05  0.38656E-04
0.45989E-04  0.24665E+01
0.77669E+00  0.13576E+01
0.45947E+00  0.13609E+01
0.42097E-04  0.11424E-04
0.26975E-04  0.16581E-04
0.24273E-04  0.11598E-04
0.21919E-04  0.10041E-04
0.18360E-04  0.84915E-05
0.19750E-04  0.44289E+00
0.62084E-01  0.45122E+00
0.12350E-04  0.14419E-03
0.11315E-04  0.14420E-03
0.10112E-04  0.14427E-03
0.88580E-05  0.14439E-03
0.75935E-05  0.14457E-03
0.14544E-02  0.10796E+01
0.28038E+00  0.10082E+01
0.46051E+00  0.80603E+00
0.40328E+00  0.12027E+01
0.15460E+01  0.32347E-04
0.83587E+00  0.17429E-04
0.53060E+00  0.16685E-04
0.29013E+00  0.15089E-04
0.12991E-01  0.16649E-04
-0.52863E+00  0.87434E+00
-0.41467E-01  0.67583E+00
-0.31327E-01  0.69482E+00
-0.18082E-13  0.69251E+00
-0.12266E-12  0.28526E+01
-0.83227E-02  0.28741E+01
0.53146E-05  0.29504E-04
0.72699E-05  0.35700E-04
0.10618E-04  0.39035E-04
0.14948E-04  0.36747E-04
0.17755E-04  0.30371E-04
0.19845E-04  0.20219E+01
0.37025E-05  0.17494E-04
0.26388E-05  0.25733E-04
0.73281E-05  0.24802E-04
0.94057E-05  0.25549E-04
0.16620E-04  0.22936E-04
0.18057E-04  0.16926E+01
0.26878E+00  0.14596E+01
0.20921E+00  0.17675E+01
0.24079E+01  0.44760E-04
0.21119E+01  0.15863E-04
0.21226E+01  0.13122E-04
0.21305E+01  0.13031E-04
0.19077E+01  0.73917E-05
0.67002E+00  0.23864E+00
0.11283E+00  0.56057E+00
0.13691E-04  0.14479E-03
0.14490E-04  0.14482E-03
0.15105E-04  0.14482E-03
0.15557E-04  0.14480E-03
0.15859E-04  0.14478E-03
0.14635E-02  0.77569E+00
0.23438E+00  0.75474E+00
0.40301E+00  0.76745E+00
0.67319E+00  0.71010E+00
0.70943E+00  0.68712E+00
0.75981E+00  0.29246E+00
0.51035E+00  0.23207E+00
0.30247E+00  0.22135E+00
0.65831E-01  0.30585E+00
-0.14776E-01  0.41346E+00
-0.80649E-01  0.65097E+00
-0.12025E-01  0.66244E+00
0.26757E-13  0.67281E+00
0.35959E-13  0.28479E+01
-0.51361E-03  0.28753E+01
0.10639E-04  0.29644E-04
0.12380E-04  0.34593E-04
0.10815E-04  0.37399E-04
0.10459E-04  0.34807E-04
0.99618E-05  0.28931E-04
0.11225E-04  0.20247E+01
0.50907E-05  0.20589E-04
0.57830E-05  0.21863E-04
0.69745E-05  0.23029E-04
0.91472E-05  0.22301E-04
0.10938E-04  0.19964E-04
0.13083E-04  0.14714E+01
0.67133E-01  0.14031E+01
0.36342E-05  0.22945E-04
0.13366E-04  0.27253E-04
0.21784E-04  0.18178E-04
0.21685E-04  0.15464E-04
0.17922E-04  0.26628E-04
0.47944E-04  0.19212E+01
0.73563E+00  0.72064E+00
0.21284E+00  0.74562E+00
0.14423E-04  0.14218E-03
0.15808E-04  0.14263E-03
0.17004E-04  0.14306E-03
0.18046E-04  0.14346E-03
0.18961E-04  0.14382E-03
0.14612E-02  0.53293E+00
0.22872E+00  0.54937E+00
0.43579E+00  0.57464E+00
0.56404E+00  0.59229E+00
0.64627E+00  0.52114E+00
0.59377E+00  0.47617E+00
0.48352E+00  0.41267E+00
0.32192E+00  0.41422E+00
0.18247E+00  0.45711E+00
0.69349E-01  0.54696E+00
0.27832E-01  0.60687E+00
0.43055E-02  0.66000E+00
-0.26123E-13  0.67010E+00
0.18791E-13  0.27245E+01
0.20141E+00  0.28479E+01
0.34344E-04  0.25420E-04
0.14338E-04  0.42252E-04
0.10093E-04  0.39034E-04
0.61470E-05  0.36866E-04
0.34059E-05  0.30029E-04
-0.75242E-05  0.20215E+01
0.47619E-05  0.20944E-04
0.71921E-05  0.20885E-04
0.71248E-05  0.22101E-04
0.73447E-05  0.21195E-04
0.72695E-05  0.18633E-04
0.83127E-05  0.14098E+01
0.13521E-01  0.13898E+01
0.13828E-04  0.12886E-04
0.14954E-04  0.17104E-04
0.18183E-04  0.17193E-04
0.20358E-04  0.16093E-04
0.25937E-04  0.14205E-04
0.27523E-04  0.10941E+01
0.24141E+00  0.10396E+01
0.32489E+00  0.94099E+00
0.11614E-04  0.13631E-03
0.11599E-04  0.13682E-03
0.11629E-04  0.13737E-03
0.11635E-04  0.13794E-03
0.11539E-04  0.13853E-03
0.14026E-02  0.25030E+00
0.31106E+00  0.30323E+00
0.48206E+00  0.42414E+00
0.59065E+00  0.49126E+00
0.62741E+00  0.53583E+00
0.57075E+00  0.55376E+00
0.46886E+00  0.55301E+00
0.34207E+00  0.55801E+00
0.22291E+00  0.57948E+00
0.13280E+00  0.61291E+00
0.68369E-01  0.65275E+00
0.29564E-01  0.67678E+00
0.72360E-14  0.68644E+00
-0.28249E-14  0.23599E+01
0.28816E+00  0.30307E+01
0.28887E+01  0.73682E-04
0.12431E+01  0.46175E-04
0.65007E+00  0.43991E-04
0.26452E+00  0.38828E-04
-0.15130E+00  0.41292E-04
-0.12240E+01  0.21046E+01
0.15570E-04  0.14338E-04
0.73815E-05  0.23227E-04
0.72799E-05  0.22042E-04
0.57886E-05  0.22129E-04
0.42808E-05  0.19228E-04
-0.30475E-05  0.14098E+01
-0.33175E-01  0.14003E+01
0.15791E-04  0.13737E-04
0.16142E-04  0.14964E-04
0.17479E-04  0.14818E-04
0.19548E-04  0.13475E-04
0.21830E-04  0.11338E-04
0.25123E-04  0.79308E+00
0.26644E+00  0.75549E+00
0.36084E+00  0.12030E+01
0.16809E+01  0.13240E-03
0.10717E+01  0.13275E-03
0.86062E+00  0.13293E-03
0.74929E+00  0.13302E-03
0.68943E+00  0.13308E-03
0.68486E+00  -0.27221E+00
0.42951E+00  0.16386E+00
0.60648E+00  0.28423E+00
0.70066E+00  0.42134E+00
0.64815E+00  0.58539E+00
0.62932E+00  0.64344E+00
0.47269E+00  0.69211E+00
0.34633E+00  0.67921E+00
0.24000E+00  0.67967E+00
0.15584E+00  0.68947E+00
0.91728E-01  0.70327E+00
0.41811E-01  0.71533E+00
0.17325E-13  0.71956E+00
0.93771E-13  0.19857E+01
0.66881E+00  0.18144E+01
0.84567E+00  0.15958E+01
0.10283E+01  0.58981E+00
0.57582E+00  0.38873E+00
0.26695E+00  0.31923E+00
-0.47503E-01  0.43109E+00
0.15701E-01  0.91947E+00
0.12129E+01  0.34743E-04
0.77462E+00  0.22358E-04
0.68969E+00  0.23253E-04
0.58435E+00  0.22796E-04
0.24612E+00  0.27021E-04
-0.65951E+00  0.14489E+01
0.22874E-02  0.13161E+01
0.15802E-04  0.14151E-04
0.17051E-04  0.14441E-04
0.16296E-04  0.14158E-04
0.17058E-04  0.11618E-04
0.19196E-04  0.83106E-05
0.21593E-04  0.50764E+00
0.27979E+00  0.55864E+00
0.68898E+00  0.55587E+00
0.84700E+00  0.57907E+00
0.99937E+00  0.20680E+00
0.83696E+00  0.14336E+00
0.68967E+00  0.97378E-01
0.68239E+00  0.15346E-02
0.62525E+00  0.12246E-01
0.65322E+00  0.33167E-01
0.73026E+00  0.14353E+00
0.89514E+00  0.35583E+00
0.12418E+01  0.53088E+00
0.62495E+00  0.93675E+00
0.46390E+00  0.82110E+00
0.32538E+00  0.79278E+00
0.23472E+00  0.76762E+00
0.15969E+00  0.75941E+00
0.98543E-01  0.75900E+00
0.46819E-01  0.76118E+00
-0.87518E-14  0.76236E+00
-0.75066E-13  0.15539E+01
0.30744E+00  0.14629E+01
0.55713E+00  0.11468E+01
0.54281E+00  0.90034E+00
0.44012E+00  0.64639E+00
0.24478E+00  0.57058E+00
0.12136E+00  0.57093E+00
0.13510E+00  0.57595E+00
0.44387E+00  0.40991E+00
0.70944E+00  0.58742E-01
0.69244E+00  0.16888E-01
0.68648E+00  0.12395E+00
0.73628E+00  0.35053E+00
0.24945E+00  0.87566E+00
0.13939E+00  0.13142E+01
0.27040E-04  0.11884E-04
0.15527E-04  0.18726E-04
0.13939E-04  0.14391E-04
0.13444E-04  0.10604E-04
0.14657E-04  0.59885E-05
0.19978E-04  0.15938E+00
0.39999E+00  0.21415E+00
0.62860E+00  0.32352E+00
0.82992E+00  0.29022E+00
0.88456E+00  0.29930E+00
0.74507E+00  0.33773E+00
0.64450E+00  0.14623E+00
0.12115E-04  -0.14609E-05
0.58560E-05  0.84369E-05
0.68409E-05  0.12851E-04
0.82997E-05  0.15724E-04
0.80914E-05  0.27959E-04
0.36702E-04  0.19546E+01
0.63573E+00  0.10454E+01
0.35235E+00  0.97004E+00
0.28604E+00  0.87945E+00
0.21074E+00  0.84223E+00
0.15024E+00  0.82140E+00
0.95892E-01  0.81233E+00
0.46636E-01  0.80892E+00
0.39664E-13  0.80812E+00
0.27695E-13  0.12664E+01
0.19054E+00  0.12123E+01
0.31141E+00  0.10876E+01
0.35531E+00  0.91355E+00
0.30107E+00  0.78846E+00
0.21040E+00  0.70684E+00
0.89392E-01  0.71630E+00
-0.37351E-05  0.13833E-04
0.42086E-05  0.13460E-04
0.57862E-05  0.14467E-04
0.73195E-05  0.13696E-04
0.61453E-05  0.21622E-04
0.27376E-04  0.15373E+01
0.49289E+00  0.95640E+00
0.34079E+00  0.14949E+01
0.18680E+01  0.40105E-04
0.11469E+01  0.19650E-04
0.95267E+00  0.15939E-04
0.83643E+00  0.11343E-04
0.78586E+00  0.15947E-05
0.92537E+00  -0.48375E+00
0.50744E+00  0.61373E-01
0.69797E+00  0.12567E+00
0.83841E+00  0.15403E+00
0.97591E+00  0.28790E+00
0.12257E+01  0.38812E+00
0.45152E+00  0.69874E+00
0.15367E-04  0.57559E-05
0.11762E-04  0.88669E-05
0.10427E-04  0.12418E-04
0.10886E-04  0.15486E-04
0.15965E-04  0.15769E-04
0.17165E-04  0.13133E+01
0.19086E+00  0.12237E+01
0.26873E+00  0.10134E+01
0.22021E+00  0.94308E+00
0.17980E+00  0.89687E+00
0.13352E+00  0.87313E+00
0.88201E-01  0.86042E+00
0.43725E-01  0.85457E+00
0.49736E-13  0.85288E+00
-0.31915E-13  0.11038E+01
0.11622E+00  0.10773E+01
0.20316E+00  0.10061E+01
0.23686E+00  0.92259E+00
0.22168E+00  0.84691E+00
0.16338E+00  0.80287E+00
0.87564E-01  0.77985E+00
0.57163E-05  0.69337E-05
0.49825E-05  0.11833E-04
0.67201E-05  0.12766E-04
0.75844E-05  0.13826E-04
0.11589E-04  0.12990E-04
0.12806E-04  0.10507E+01
0.23462E+00  0.10235E+01
0.65739E+00  0.80538E+00
0.79347E+00  0.70835E+00
0.10400E+01  0.16972E+00
0.93481E+00  0.90028E-01
0.85470E+00  0.12644E+00
0.69148E+00  -0.21916E-01
0.16447E-04  -0.64438E-05
0.62443E-05  0.79423E-05
0.72026E-05  0.13703E-04
0.89682E-05  0.16377E-04
0.86118E-05  0.27469E-04
0.35144E-04  0.18802E+01
0.45065E+00  0.10154E+01
0.16571E-04  0.99857E-05
0.14089E-04  0.11311E-04
0.12622E-04  0.12927E-04
0.12618E-04  0.13922E-04
0.13428E-04  0.13614E-04
0.15193E-04  0.11185E+01
0.10649E+00  0.10854E+01
0.16116E+00  0.10266E+01
0.17055E+00  0.96768E+00
0.14847E+00  0.93451E+00
0.11652E+00  0.91384E+00
0.79233E-01  0.90229E+00
0.39973E-01  0.89647E+00
-0.19791E-14  0.89471E+00
-0.41706E-13  0.99821E+00
0.80889E-01  0.98472E+00
0.14429E+00  0.95058E+00
0.17911E+00  0.90870E+00
0.17908E+00  0.87659E+00
0.14479E+00  0.86280E+00
0.82470E-01  0.86378E+00
0.82110E-05  0.87657E-05
0.75544E-05  0.10933E-04
0.73805E-05  0.12329E-04
0.79483E-05  0.12367E-04
0.87977E-05  0.11254E-04
0.10458E-04  0.84450E+00
0.16049E+00  0.76361E+00
0.23624E+00  0.61819E+00
0.61903E+00  0.28535E+00
0.80240E+00  0.17395E+00
0.92060E+00  0.78874E-01
0.96201E+00  0.20026E+00
0.10632E+01  0.32754E+00
0.18978E-04  0.80989E-05
0.13932E-04  0.93680E-05
0.10959E-04  0.13355E-04
0.11182E-04  0.16079E-04
0.15870E-04  0.16155E-04
0.16422E-04  0.13882E+01
0.62236E-01  0.13335E+01
0.16660E-04  0.12484E-04
0.15779E-04  0.13196E-04
0.13388E-04  0.14339E-04
0.12241E-04  0.13946E-04
0.11891E-04  0.12613E-04
0.12806E-04  0.10180E+01
0.75000E-01  0.10119E+01
0.12345E+00  0.99488E+00
0.13788E+00  0.97563E+00
0.12791E+00  0.95827E+00
0.10356E+00  0.94628E+00
0.72005E-01  0.93866E+00
0.36758E-01  0.93460E+00
-0.49816E-13  0.93332E+00
-0.57928E-13  0.92273E+00
0.63428E-01  0.91643E+00
0.11777E+00  0.90108E+00
0.15587E+00  0.88562E+00
0.17209E+00  0.88292E+00
0.15972E+00  0.90413E+00
0.90252E-01  0.94777E+00
0.98424E-05  0.99823E-05
0.96117E-05  0.11747E-04
0.78129E-05  0.12966E-04
0.69486E-05  0.12254E-04
0.66272E-05  0.10448E-04
0.73847E-05  0.73758E+00
0.36675E-01  0.71615E+00
-0.15041E-05  0.12341E-04
0.51003E-05  0.15347E-04
0.75379E-05  0.18130E-04
0.94628E-05  0.19692E-04
0.82807E-05  0.31110E-04
0.35264E-04  0.20659E+01
0.22756E-04  0.12895E-04
0.14644E-04  0.14120E-04
0.12827E-04  0.14249E-04
0.12481E-04  0.14642E-04
0.13512E-04  0.13957E-04
0.15536E-04  0.12239E+01
0.14281E+00  0.12941E+01
0.26283E-04  0.11482E-04
0.15320E-04  0.18299E-04
0.13173E-04  0.15817E-04
0.11049E-04  0.15296E-04
0.96848E-05  0.12949E-04
0.64512E-05  0.93061E+00
0.77417E-01  0.94625E+00
0.12253E+00  0.96999E+00
0.13058E+00  0.97759E+00
0.11968E+00  0.97700E+00
0.97332E-01  0.97412E+00
0.68074E-01  0.97159E+00
0.34922E-01  0.97005E+00
-0.12754E-12  0.96955E+00
-0.18620E-13  0.86143E+00
0.55841E-01  0.85859E+00
0.10813E+00  0.85243E+00
0.15370E+00  0.85101E+00
0.19319E+00  0.86086E+00
0.21254E+00  0.91946E+00
0.22321E+00  0.10303E+01
0.20219E-04  0.92147E-05
0.99385E-05  0.16304E-04
0.75088E-05  0.14373E-04
0.54462E-05  0.13428E-04
0.41042E-05  0.10870E-04
0.69388E-06  0.70580E+00
-0.74696E-02  0.69433E+00
0.88278E-05  0.60740E-05
0.87821E-05  0.12978E-04
0.10517E-04  0.16394E-04
0.11622E-04  0.19558E-04
0.16485E-04  0.19994E-04
0.15059E-04  0.18706E+01
0.14473E-04  0.19785E-04
0.15237E-04  0.16277E-04
0.12293E-04  0.16061E-04
0.11401E-04  0.14390E-04
0.11827E-04  0.12411E-04
0.14615E-04  0.95155E+00
0.23132E+00  0.13948E+01
0.18183E+01  0.37763E-04
0.12663E+01  0.18793E-04
0.11651E+01  0.17584E-04
0.10487E+01  0.16626E-04
0.70719E+00  0.17222E-04
0.13225E-01  0.74657E+00
0.14832E+00  0.90370E+00
0.15136E+00  0.96245E+00
0.14082E+00  0.98697E+00
0.12237E+00  0.99687E+00
0.97583E-01  0.10013E+01
0.67856E-01  0.10034E+01
0.34768E-01  0.10045E+01
-0.33396E-14  0.10048E+01
0.66190E-14  0.80705E+00
0.52204E-01  0.80501E+00
0.10495E+00  0.80129E+00
0.16063E+00  0.80003E+00
0.21815E+00  0.82045E+00
0.31211E+00  0.82039E+00
0.31910E+00  0.12464E+01
0.15163E+01  0.33079E-04
0.82499E+00  0.18112E-04
0.57065E+00  0.16784E-04
0.39767E+00  0.14670E-04
0.18933E+00  0.14552E-04
-0.29067E+00  0.70198E+00
0.20574E-01  0.65857E+00
0.14211E-04  0.70150E-05
0.13640E-04  0.12303E-04
0.13367E-04  0.15931E-04
0.13932E-04  0.17641E-04
0.14898E-04  0.18479E-04
0.17695E-04  0.18842E+01
0.23362E-04  0.15796E-04
0.12544E-04  0.21786E-04
0.10561E-04  0.17514E-04
0.88791E-05  0.15098E-04
0.86630E-05  0.11330E-04
0.87713E-05  0.65053E+00
0.46895E+00  0.58580E+00
0.84836E+00  0.50164E+00
0.11869E+01  0.71807E-01
0.11659E+01  0.17949E-01
0.11552E+01  0.14734E+00
0.12421E+01  0.32380E+00
0.49138E+00  0.79446E+00
0.24823E+00  0.92833E+00
0.18991E+00  0.98518E+00
0.15861E+00  0.10076E+01
0.13142E+00  0.10214E+01
0.10286E+00  0.10301E+01
0.71000E-01  0.10361E+01
0.36295E-01  0.10396E+01
0.24520E-13  0.10408E+01
-0.86782E-14  0.75760E+00
0.47947E-01  0.75446E+00
0.10045E+00  0.74648E+00
0.16098E+00  0.74006E+00
0.24080E+00  0.73524E+00
0.33070E+00  0.77034E+00
0.58680E+00  0.72096E+00
0.64565E+00  0.67646E+00
0.73695E+00  0.25027E+00
0.54195E+00  0.16800E+00
0.40667E+00  0.14446E+00
0.25486E+00  0.22684E+00
0.19649E+00  0.39078E+00
0.61857E-01  0.70430E+00
0.19256E-04  0.82638E-05
0.19156E-04  0.13607E-04
0.15397E-04  0.17506E-04
0.13992E-04  0.17585E-04
0.15105E-04  0.15275E-04
0.16485E-04  0.17135E+01
0.15936E+01  0.41942E-04
0.86265E+00  0.22717E-04
0.68965E+00  0.19444E-04
0.58695E+00  0.15906E-04
0.42044E+00  0.12871E-04
0.81474E-01  0.32478E+00
0.46282E-05  0.57688E-05
0.79335E-05  0.12979E-04
0.10356E-04  0.16253E-04
0.12142E-04  0.16271E-04
0.10305E-04  0.27211E-04
0.37638E-04  0.19214E+01
0.57677E+00  0.10406E+01
0.26985E+00  0.10329E+01
0.21406E+00  0.10240E+01
0.17321E+00  0.10372E+01
0.14324E+00  0.10498E+01
0.11179E+00  0.10617E+01
0.77190E-01  0.10710E+01
0.39479E-01  0.10770E+01
-0.87102E-13  0.10791E+01
0.13766E-13  0.71527E+00
0.39772E-01  0.70910E+00
0.86296E-01  0.69279E+00
0.14956E+00  0.66958E+00
0.22978E+00  0.65000E+00
0.34425E+00  0.62727E+00
0.44830E+00  0.59339E+00
0.55054E+00  0.47593E+00
0.53246E+00  0.39046E+00
0.48330E+00  0.28005E+00
0.42237E+00  0.23712E+00
0.39720E+00  0.27360E+00
0.40613E+00  0.46867E+00
0.43526E+00  0.79393E+00
0.39255E-04  0.69536E-05
0.20156E-04  0.22845E-04
0.16852E-04  0.20314E-04
0.12048E-04  0.19252E-04
0.10892E-04  0.15016E-04
0.16113E-04  0.81916E+00
0.47646E+00  0.67456E+00
0.75865E+00  0.15691E+00
0.66763E+00  0.73113E-01
0.61955E+00  0.84085E-01
0.51200E+00  0.19978E+00
0.24170E+00  0.40011E+00
0.15543E-04  0.44557E-05
0.12834E-04  0.11941E-04
0.12750E-04  0.14773E-04
0.13057E-04  0.16819E-04
0.17673E-04  0.16135E-04
0.18441E-04  0.13210E+01
0.17400E+00  0.12478E+01
0.24561E+00  0.10812E+01
0.20717E+00  0.10625E+01
0.18477E+00  0.10649E+01
0.15690E+00  0.10797E+01
0.12458E+00  0.10958E+01
0.86710E-01  0.11095E+01
0.44536E-01  0.11185E+01
-0.24055E-13  0.11217E+01
-0.23571E-13  0.68597E+00
0.23279E-01  0.67567E+00
0.60200E-01  0.64383E+00
0.11091E+00  0.60120E+00
0.20133E+00  0.55014E+00
0.30488E+00  0.51243E+00
0.41192E+00  0.47823E+00
0.46774E+00  0.45903E+00
0.47409E+00  0.41992E+00
0.39384E+00  0.35879E+00
0.30430E+00  0.27671E+00
0.44792E+00  0.20570E+00
0.68074E+00  0.22381E+00
0.80276E+00  0.11851E+01
0.30434E+01  0.48073E-04
0.25826E+01  0.23016E-04
0.13818E+01  0.30592E-04
0.71861E+00  0.21988E-04
0.41922E+00  0.15026E-04
0.16311E+00  0.22181E+00
0.34822E+00  0.24844E+00
0.53601E+00  0.15456E+00
0.63679E+00  0.71344E-01
0.69107E+00  0.73272E-01
0.75588E+00  0.30024E+00
0.10041E+01  0.58797E+00
0.21263E-04  0.11916E-04
0.16694E-04  0.13700E-04
0.14161E-04  0.15479E-04
0.13880E-04  0.15553E-04
0.14426E-04  0.14389E-04
0.16179E-04  0.11326E+01
0.11531E+00  0.11117E+01
0.18180E+00  0.10856E+01
0.20558E+00  0.10716E+01
0.19798E+00  0.10858E+01
0.17646E+00  0.11085E+01
0.14310E+00  0.11327E+01
0.10077E+00  0.11528E+01
0.52045E-01  0.11661E+01
-0.69597E-13  0.11707E+01
-0.17124E-13  0.67609E+00
-0.11001E-02  0.66245E+00
-0.23672E-02  0.61916E+00
0.70582E-01  0.52171E+00
0.13417E+00  0.44848E+00
0.27081E+00  0.38035E+00
0.40389E+00  0.37341E+00
0.49872E+00  0.40973E+00
0.42524E+00  0.50763E+00
0.35621E+00  0.47831E+00
0.22601E-05  0.82460E-05
0.46727E-05  0.14626E-04
0.69453E-05  0.21173E-04
0.16422E-04  0.23370E-04
0.16466E-04  0.42230E-04
0.63564E-04  0.22504E+01
0.11496E+01  0.55422E+00
0.60348E+00  0.33679E+00
0.38703E+00  0.23642E+00
0.26334E+00  0.14045E+00
0.56641E-05  0.10648E-05
0.46647E-05  0.87306E-05
0.61857E-05  0.13341E-04
0.76341E-05  0.17419E-04
0.69145E-05  0.33265E-04
0.37664E-04  0.24345E+01
0.24251E-04  0.17039E-04
0.17644E-04  0.17546E-04
0.14236E-04  0.17461E-04
0.12428E-04  0.15884E-04
0.12073E-04  0.13381E-04
0.13068E-04  0.10121E+01
0.10643E+00  0.10177E+01
0.18346E+00  0.10338E+01
0.22119E+00  0.10619E+01
0.22626E+00  0.10977E+01
0.20722E+00  0.11371E+01
0.17080E+00  0.11739E+01
0.12132E+00  0.12035E+01
0.62948E-01  0.12226E+01
0.76654E-13  0.12292E+01
-0.68783E-14  0.68655E+00
-0.29843E-01  0.68796E+00
-0.59886E-01  0.61678E+00
-0.25123E+00  0.53282E+00
0.32289E-01  0.26380E+00
0.23469E+00  0.21326E+00
0.43642E+00  0.20165E+00
0.62125E+00  0.34783E+00
0.93279E+00  0.48748E+00
0.31198E+00  0.84913E+00
0.11855E-04  0.72315E-05
0.98009E-05  0.13267E-04
0.12295E-04  0.16719E-04
0.15635E-04  0.19944E-04
0.26421E-04  0.16945E-04
0.29263E-04  0.10319E+01
0.33958E+00  0.86337E+00
0.44397E+00  0.49882E+00
0.31611E+00  0.39004E+00
0.17116E+00  0.33185E+00
0.11342E-04  0.29901E-05
0.10303E-04  0.77197E-05
0.10802E-04  0.12088E-04
0.12473E-04  0.16823E-04
0.19060E-04  0.19878E-04
0.20063E-04  0.22495E+01
0.28864E-04  0.19579E-04
0.16024E-04  0.24489E-04
0.12335E-04  0.19910E-04
0.98229E-05  0.17308E-04
0.85428E-05  0.13491E-04
0.66152E-05  0.88003E+00
0.13228E+00  0.90981E+00
0.22786E+00  0.97322E+00
0.27063E+00  0.10413E+01
0.27692E+00  0.11070E+01
0.25517E+00  0.11686E+01
0.21148E+00  0.12226E+01
0.15088E+00  0.12649E+01
0.78492E-01  0.12920E+01
0.73119E-13  0.13013E+01
0.92220E-14  0.71381E+00
-0.25832E-01  0.69873E+00
-0.13281E+00  0.83284E+00
-0.11886E-04  0.18665E-04
0.36791E-06  0.15332E-04
0.20548E-05  0.17194E-04
0.48386E-05  0.17909E-04
0.54641E-05  0.26959E-04
0.29787E-04  0.17731E+01
0.36028E+00  0.10838E+01
0.14394E-04  0.10968E-04
0.13291E-04  0.12865E-04
0.13825E-04  0.14524E-04
0.16716E-04  0.14371E-04
0.19919E-04  0.12393E-04
0.23938E-04  0.67998E+00
0.19375E+00  0.62963E+00
0.27968E+00  0.55087E+00
0.25554E+00  0.49107E+00
0.14930E+00  0.47630E+00
0.15415E-04  0.47202E-05
0.14079E-04  0.82592E-05
0.14265E-04  0.11098E-04
0.16250E-04  0.13601E-04
0.20164E-04  0.14540E-04
0.23878E-04  0.20472E+01
0.19310E+01  0.50112E-04
0.10562E+01  0.26735E-04
0.82615E+00  0.22576E-04
0.67491E+00  0.18747E-04
0.47026E+00  0.15930E-04
-0.19256E-01  0.63630E+00
0.23672E+00  0.78220E+00
0.31969E+00  0.91459E+00
0.35571E+00  0.10224E+01
0.35497E+00  0.11199E+01
0.32483E+00  0.12075E+01
0.26914E+00  0.12830E+01
0.19238E+00  0.13419E+01
0.10027E+00  0.13796E+01
-0.13135E-12  0.13925E+01
0.83306E-14  0.73494E+00
-0.23876E-01  0.74691E+00
-0.21957E-01  0.77593E+00
0.31504E-06  0.69353E-05
0.64960E-06  0.13263E-04
0.39282E-05  0.14580E-04
0.60047E-05  0.16514E-04
0.11372E-04  0.16169E-04
0.12056E-04  0.13872E+01
0.48900E-01  0.13469E+01
0.15039E-04  0.12841E-04
0.14810E-04  0.13434E-04
0.13870E-04  0.13742E-04
0.14621E-04  0.11971E-04
0.16756E-04  0.86998E-05
0.18469E-04  0.47961E+00
0.16037E+00  0.48652E+00
0.26389E+00  0.50532E+00
0.26875E+00  0.55407E+00
0.15909E+00  0.62325E+00
0.17733E-04  0.68836E-05
0.17212E-04  0.90680E-05
0.15907E-04  0.10852E-04
0.17135E-04  0.10734E-04
0.20705E-04  0.10714E-04
0.28965E-04  0.94856E+00
0.58926E+00  0.79254E+00
0.95025E+00  0.19665E+00
0.80658E+00  0.13214E+00
0.69740E+00  0.13747E+00
0.53769E+00  0.23585E+00
0.46213E+00  0.39973E+00
0.40677E+00  0.70277E+00
0.45955E+00  0.86989E+00
0.47446E+00  0.10136E+01
0.46242E+00  0.11416E+01
0.42010E+00  0.12582E+01
0.34825E+00  0.13599E+01
0.24967E+00  0.14404E+01
0.13048E+00  0.14925E+01
-0.10770E-12  0.15105E+01
-0.49949E-14  0.74518E+00
-0.10288E-02  0.75549E+00
-0.10534E-02  0.77783E+00
0.35882E-05  0.80365E-05
0.41147E-05  0.10765E-04
0.52130E-05  0.12869E-04
0.72332E-05  0.13629E-04
0.92792E-05  0.13495E-04
0.11511E-04  0.12457E+01
0.13105E+00  0.13117E+01
0.24162E-04  0.11682E-04
0.13763E-04  0.17684E-04
0.12137E-04  0.14029E-04
0.11606E-04  0.10963E-04
0.12281E-04  0.69388E-05
0.15598E-04  0.26229E+00
0.23647E+00  0.31677E+00
0.34183E+00  0.44389E+00
0.37520E+00  0.58256E+00
0.35042E+00  0.77708E+00
0.28781E-04  0.70257E-05
0.17104E-04  0.13964E-04
0.15447E-04  0.11026E-04
0.15546E-04  0.88333E-05
0.18115E-04  0.57487E-05
0.26562E-04  0.18361E+00
0.55620E+00  0.17615E+00
0.74365E+00  0.23968E+00
0.80248E+00  0.19250E+00
0.75092E+00  0.23665E+00
0.69261E+00  0.33404E+00
0.63630E+00  0.49625E+00
0.62359E+00  0.66768E+00
0.62199E+00  0.85184E+00
0.62305E+00  0.10163E+01
0.60002E+00  0.11737E+01
0.54561E+00  0.13228E+01
0.45496E+00  0.14578E+01
0.32843E+00  0.15677E+01
0.17256E+00  0.16404E+01
0.22195E-13  0.16658E+01
-0.35333E-14  0.73281E+00
0.20842E-01  0.74888E+00
0.14367E-01  0.78511E+00
0.59855E-05  0.82312E-05
0.65168E-05  0.10408E-04
0.63011E-05  0.11960E-04
0.70741E-05  0.11934E-04
0.86891E-05  0.11251E-04
0.11552E-04  0.99749E+00
0.20237E+00  0.14098E+01
0.16765E+01  0.37013E-04
0.10163E+01  0.18745E-04
0.83611E+00  0.15430E-04
0.75383E+00  0.11461E-04
0.69528E+00  0.41092E-05
0.62036E+00  -0.18804E+00
0.36603E+00  0.23237E+00
0.48335E+00  0.37576E+00
0.57720E+00  0.47999E+00
0.54370E+00  0.11123E+01
0.19420E+01  0.34635E-04
0.13893E+01  0.14770E-04
0.12393E+01  0.12198E-04
0.11833E+01  0.90612E-05
0.11758E+01  -0.15349E-05
0.12746E+01  -0.69507E+00
0.63682E+00  0.44700E-01
0.81526E+00  0.12642E+00
0.83206E+00  0.20697E+00
0.83213E+00  0.27511E+00
0.81181E+00  0.37840E+00
0.79836E+00  0.51153E+00
0.79371E+00  0.67258E+00
0.79816E+00  0.84450E+00
0.79512E+00  0.10257E+01
0.77025E+00  0.12121E+01
0.70847E+00  0.14005E+01
0.59917E+00  0.15801E+01
0.43832E+00  0.17330E+01
0.23239E+00  0.18372E+01
0.19428E-12  0.18742E+01
-0.30632E-14  0.68792E+00
0.57321E-01  0.71792E+00
0.11201E+00  0.79605E+00
0.14219E-04  0.71770E-05
0.73978E-05  0.12871E-04
0.64832E-05  0.11904E-04
0.62220E-05  0.11227E-04
0.70508E-05  0.92598E-05
0.89806E-05  0.69522E+00
0.49781E+00  0.65498E+00
0.71010E+00  0.63791E+00
0.92328E+00  0.17579E+00
0.80223E+00  0.90130E-01
0.74450E+00  0.57650E-01
0.69910E+00  0.42530E-01
0.62484E+00  0.85753E-01
0.60416E+00  0.15492E+00
0.62100E+00  0.29982E+00
0.70275E+00  0.44501E+00
0.99015E+00  0.50018E+00
0.11130E+01  0.55128E+00
0.13093E+01  0.14866E+00
0.12059E+01  0.70345E-01
0.11653E+01  0.34324E-01
0.11549E+01  -0.28465E-01
0.10280E+01  -0.20070E-01
0.97904E+00  -0.55986E-01
0.89521E+00  0.11143E+00
0.91547E+00  0.19284E+00
0.92120E+00  0.28135E+00
0.92905E+00  0.38349E+00
0.94014E+00  0.50993E+00
0.95834E+00  0.65967E+00
0.97850E+00  0.83283E+00
0.99057E+00  0.10283E+01
0.97790E+00  0.12469E+01
0.92050E+00  0.14847E+01
0.79782E+00  0.17279E+01
0.59640E+00  0.19478E+01
0.32135E+00  0.21043E+01
0.15892E-12  0.21613E+01
-0.18957E-14  0.60751E+00
0.12163E+00  0.59738E+00
0.17984E+00  0.90220E+00
0.11018E+01  0.23948E-04
0.65918E+00  0.13526E-04
0.53490E+00  0.12804E-04
0.47557E+00  0.11376E-04
0.41957E+00  0.82410E-05
0.27764E+00  0.19650E+00
0.40578E+00  0.38184E+00
0.63762E+00  0.30382E+00
0.71244E+00  0.23323E+00
0.74394E+00  0.13012E+00
0.72362E+00  0.92484E-01
0.70044E+00  0.86190E-01
0.68536E+00  0.10755E+00
0.68415E+00  0.16693E+00
0.72247E+00  0.23787E+00
0.81340E+00  0.30601E+00
0.92352E+00  0.34226E+00
0.10677E+01  0.26556E+00
0.11196E+01  0.20162E+00
0.11455E+01  0.10232E+00
0.11289E+01  0.53486E-01
0.10978E+01  0.23749E-01
0.10665E+01  0.52178E-02
0.10150E+01  0.50130E-01
0.99913E+00  0.10302E+00
0.99658E+00  0.18419E+00
0.10144E+01  0.26685E+00
0.10398E+01  0.36462E+00
0.10747E+01  0.48247E+00
0.11180E+01  0.62558E+00
0.11662E+01  0.79837E+00
0.12095E+01  0.10073E+01
0.12299E+01  0.12597E+01
0.11992E+01  0.15594E+01
0.10796E+01  0.18954E+01
0.83640E+00  0.22258E+01
0.46000E+00  0.24780E+01
0.10137E-12  0.25718E+01
0.50648E-14  0.48461E+00
0.13052E+00  0.50540E+00
0.37169E+00  0.46745E+00
0.47060E+00  0.43249E+00
0.59468E+00  0.12237E+00
0.51200E+00  0.62053E-01
0.47324E+00  0.40608E-01
0.43527E+00  0.55946E-01
0.43853E+00  0.10557E+00
0.48729E+00  0.18723E+00
0.57655E+00  0.20895E+00
0.65555E+00  0.16675E+00
0.69021E+00  0.12849E+00
0.70432E+00  0.10063E+00
0.70831E+00  0.95269E-01
0.71485E+00  0.11083E+00
0.73543E+00  0.14165E+00
0.77708E+00  0.18151E+00
0.84150E+00  0.21391E+00
0.92588E+00  0.21883E+00
0.10000E+01  0.19986E+00
0.10603E+01  0.14785E+00
0.10863E+01  0.10255E+00
0.10930E+01  0.64658E-01
0.10864E+01  0.43786E-01
0.10708E+01  0.45077E-01
0.10603E+01  0.64388E-01
0.10566E+01  0.10933E+00
0.10705E+01  0.16684E+00
0.10987E+01  0.23846E+00
0.11418E+01  0.32447E+00
0.11993E+01  0.43026E+00
0.12717E+01  0.56199E+00
0.13569E+01  0.72844E+00
0.14484E+01  0.94235E+00
0.15300E+01  0.12220E+01
0.15668E+01  0.15897E+01
0.14921E+01  0.20573E+01
0.12181E+01  0.25819E+01
0.70935E+00  0.30175E+01
-0.98899E-13  0.31956E+01
-0.10076E-14  0.35346E+00
0.14049E+00  0.34721E+00
0.26847E+00  0.32166E+00
0.39685E+00  0.22956E+00
0.44674E+00  0.16137E+00
0.47124E+00  0.85871E-01
0.46449E+00  0.62130E-01
0.46549E+00  0.66016E-01
0.48029E+00  0.93009E-01
0.52037E+00  0.11826E+00
0.57491E+00  0.12832E+00
0.62651E+00  0.11978E+00
0.66603E+00  0.10099E+00
0.69188E+00  0.87696E-01
0.71183E+00  0.84568E-01
0.73320E+00  0.92856E-01
0.76228E+00  0.11018E+00
0.80347E+00  0.13024E+00
0.85713E+00  0.14504E+00
0.91683E+00  0.14786E+00
0.97556E+00  0.13365E+00
0.10215E+01  0.11026E+00
0.10533E+01  0.82295E-01
0.10703E+01  0.60396E-01
0.10778E+01  0.48657E-01
0.10817E+01  0.49716E-01
0.10870E+01  0.66321E-01
0.11011E+01  0.96314E-01
0.11274E+01  0.13983E+00
0.11694E+01  0.19537E+00
0.12290E+01  0.26498E+00
0.13087E+01  0.35255E+00
0.14113E+01  0.46482E+00
0.15393E+01  0.61246E+00
0.16930E+01  0.81311E+00
0.18666E+01  0.10959E+01
0.20345E+01  0.15089E+01
0.21139E+01  0.21308E+01
0.18935E+01  0.29922E+01
0.11025E+01  0.38812E+01
0.20317E-12  0.42236E+01
0.86925E-14  0.22576E+00
0.11979E+00  0.21877E+00
0.23447E+00  0.19359E+00
0.32565E+00  0.15800E+00
0.39424E+00  0.10928E+00
0.43157E+00  0.75323E-01
0.45497E+00  0.55609E-01
0.47373E+00  0.53995E-01
0.49914E+00  0.62382E-01
0.53373E+00  0.73434E-01
0.57534E+00  0.78540E-01
0.61748E+00  0.75641E-01
0.65454E+00  0.68776E-01
0.68588E+00  0.62699E-01
0.71392E+00  0.61402E-01
0.74279E+00  0.65803E-01
0.77629E+00  0.74472E-01
0.81654E+00  0.84287E-01
0.86307E+00  0.91159E-01
0.91294E+00  0.91473E-01
0.96068E+00  0.84589E-01
0.10021E+01  0.71649E-01
0.10341E+01  0.57309E-01
0.10573E+01  0.45269E-01
0.10742E+01  0.39100E-01
0.10890E+01  0.40986E-01
0.11066E+01  0.51709E-01
0.11317E+01  0.71782E-01
0.11691E+01  0.10073E+00
0.12225E+01  0.13902E+00
0.12963E+01  0.18804E+00
0.13951E+01  0.25107E+00
0.15252E+01  0.33385E+00
0.16945E+01  0.44635E+00
0.19143E+01  0.60602E+00
0.21977E+01  0.84693E+00
0.25594E+01  0.12291E+01
0.29754E+01  0.19047E+01
0.32581E+01  0.32693E+01
0.27425E+01  0.50960E+01
-0.17503E-12  0.63005E+01
-0.53533E-15  0.10904E+00
0.10920E+00  0.10520E+00
0.21023E+00  0.94265E-01
0.29715E+00  0.76291E-01
0.36361E+00  0.57646E-01
0.41197E+00  0.41046E-01
0.44652E+00  0.31831E-01
0.47568E+00  0.29411E-01
0.50548E+00  0.31908E-01
0.53925E+00  0.35540E-01
0.57637E+00  0.37566E-01
0.61418E+00  0.36927E-01
0.65014E+00  0.34530E-01
0.68336E+00  0.32388E-01
0.71504E+00  0.31985E-01
0.74744E+00  0.33863E-01
0.78282E+00  0.37474E-01
0.82237E+00  0.41444E-01
0.86564E+00  0.44084E-01
0.91043E+00  0.44081E-01
0.95366E+00  0.40922E-01
0.99226E+00  0.35478E-01
0.10246E+01  0.29200E-01
0.10508E+01  0.24029E-01
0.10727E+01  0.21493E-01
0.10938E+01  0.22662E-01
0.11181E+01  0.28163E-01
0.11501E+01  0.38146E-01
0.11944E+01  0.52768E-01
0.12556E+01  0.72309E-01
0.13390E+01  0.97695E-01
0.14509E+01  0.13077E+00
0.16003E+01  0.17492E+00
0.18004E+01  0.23615E+00
0.20718E+01  0.32598E+00
0.24505E+01  0.46515E+00
0.29953E+01  0.71477E+00
0.38644E+01  0.11080E+01
0.50849E+01  0.27481E+01
0.88200E+01  0.88256E+01
-0.29246E-12  0.11180E+02
-0.75495E-14  0.17764E-14
0.10533E+00  -0.14211E-13
0.20322E+00  -0.88818E-15
0.28775E+00  -0.35527E-14
0.35483E+00  0.88818E-15
0.40543E+00  -0.17764E-13
0.44364E+00  -0.13323E-13
0.47571E+00  -0.15987E-13
0.50707E+00  -0.19540E-13
0.54071E+00  0.12434E-13
0.57672E+00  -0.23093E-13
0.61342E+00  0.37303E-13
0.64898E+00  0.21316E-13
0.68271E+00  0.53291E-14
0.71540E+00  0.24869E-13
0.74882E+00  -0.17764E-13
0.78473E+00  -0.42633E-13
0.82405E+00  0.31974E-13
0.86631E+00  0.63949E-13
0.90965E+00  0.46185E-13
0.95149E+00  -0.35527E-13
0.98931E+00  -0.35527E-14
0.10217E+01  0.35527E-13
0.10488E+01  0.56843E-13
0.10724E+01  0.14211E-13
0.10955E+01  -0.18474E-12
0.11220E+01  -0.17053E-12
0.11563E+01  0.18474E-12
0.12029E+01  0.15632E-12
0.12668E+01  0.42633E-13
0.13536E+01  -0.71054E-13
0.14702E+01  0.17764E-12
0.16266E+01  0.99476E-13
0.18380E+01  0.18474E-12
0.21291E+01  0.18474E-12
0.25444E+01  -0.18474E-12
0.31735E+01  0.42633E-13
0.42069E+01  0.28422E-13
0.62894E+01  -0.18474E-12
0.11174E+02  0.14211E-12
0.17586E-12  -0.81681E-13
