  vx           vy
 -0.67854E-13  0.78160E-13
  0.11465E+02  0.41922E-12
  0.68627E+01  -0.35527E-13
  0.50474E+01  -0.14211E-13
  0.42598E+01  0.43343E-12
  0.38515E+01  -0.14921E-12
  0.36299E+01  -0.19185E-12
  0.35048E+01  -0.23803E-12
  0.34329E+01  -0.24158E-12
  0.33912E+01  -0.24158E-12
  0.33667E+01  -0.17764E-13
  0.33523E+01  -0.19185E-12
  0.33438E+01  -0.10658E-13
  0.33388E+01  -0.46185E-13
  0.33358E+01  -0.71054E-14
  0.33340E+01  0.36238E-12
  0.33329E+01  0.78160E-13
  0.33321E+01  -0.17764E-12
  0.33316E+01  -0.13500E-12
  0.33312E+01  0.14211E-13
  0.33307E+01  0.92371E-13
  0.33302E+01  -0.23448E-12
  0.33294E+01  0.39080E-13
  0.33281E+01  -0.31619E-12
  0.33261E+01  0.39080E-13
  0.33227E+01  0.74607E-13
  0.33169E+01  -0.12434E-13
  0.33073E+01  -0.24869E-13
  0.32912E+01  -0.17764E-12
  0.32642E+01  -0.31974E-13
  0.32196E+01  0.11546E-12
  0.31474E+01  -0.85265E-13
  0.30338E+01  -0.24869E-13
  0.28635E+01  0.95923E-13
  0.26232E+01  0.28422E-13
  0.23066E+01  0.88818E-14
  0.19199E+01  0.40856E-13
  0.14776E+01  -0.62172E-13
  0.99987E+00  -0.41744E-13
  0.50349E+00  0.14211E-13
  0.80334E-13  -0.77190E-13
 -0.15697E-12  0.10885E+02
  0.61614E+01  0.55814E+01
  0.59265E+01  0.19166E+01
  0.46608E+01  0.92895E+00
  0.40958E+01  0.47398E+00
  0.37688E+01  0.26025E+00
  0.35858E+01  0.14681E+00
  0.34803E+01  0.84477E-01
  0.34189E+01  0.49111E-01
  0.33831E+01  0.28741E-01
  0.33620E+01  0.16894E-01
  0.33496E+01  0.99668E-02
  0.33422E+01  0.59043E-02
  0.33379E+01  0.35184E-02
  0.33352E+01  0.21172E-02
  0.33337E+01  0.12968E-02
  0.33327E+01  0.82167E-03
  0.33320E+01  0.55588E-03
  0.33316E+01  0.42395E-03
  0.33312E+01  0.38889E-03
  0.33308E+01  0.44152E-03
  0.33303E+01  0.59786E-03
  0.33296E+01  0.90365E-03
  0.33285E+01  0.14473E-02
  0.33267E+01  0.23850E-02
  0.33238E+01  0.39838E-02
  0.33188E+01  0.66948E-02
  0.33104E+01  0.11270E-01
  0.32963E+01  0.18942E-01
  0.32726E+01  0.31669E-01
  0.32330E+01  0.52402E-01
  0.31677E+01  0.85066E-01
  0.30624E+01  0.13370E+00
  0.28997E+01  0.19945E+00
  0.26618E+01  0.27843E+00
  0.23442E+01  0.35733E+00
  0.19471E+01  0.42524E+00
  0.14955E+01  0.46991E+00
  0.10083E+01  0.49441E+00
  0.50647E+00  0.50375E+00
  0.56813E-14  0.50602E+00
 -0.36542E-12  0.57016E+01
  0.24973E+01  0.47667E+01
  0.38115E+01  0.26534E+01
  0.38644E+01  0.13796E+01
  0.36896E+01  0.76508E+00
  0.35593E+01  0.43168E+00
  0.34701E+01  0.24851E+00
  0.34149E+01  0.14440E+00
  0.33813E+01  0.84462E-01
  0.33612E+01  0.49601E-01
  0.33492E+01  0.29221E-01
  0.33421E+01  0.17269E-01
  0.33378E+01  0.10247E-01
  0.33353E+01  0.61189E-02
  0.33337E+01  0.36929E-02
  0.33328E+01  0.22717E-02
  0.33322E+01  0.14480E-02
  0.33318E+01  0.98687E-03
  0.33315E+01  0.75754E-03
  0.33312E+01  0.69596E-03
  0.33309E+01  0.78627E-03
  0.33306E+01  0.10563E-02
  0.33302E+01  0.15852E-02
  0.33295E+01  0.25267E-02
  0.33285E+01  0.41520E-02
  0.33267E+01  0.69268E-02
  0.33238E+01  0.11641E-01
  0.33189E+01  0.19622E-01
  0.33105E+01  0.33080E-01
  0.32960E+01  0.55638E-01
  0.32710E+01  0.92992E-01
  0.32269E+01  0.15371E+00
  0.31486E+01  0.24828E+00
  0.30109E+01  0.38482E+00
  0.27913E+01  0.55269E+00
  0.24544E+01  0.73253E+00
  0.20386E+01  0.87144E+00
  0.15436E+01  0.96504E+00
  0.10297E+01  0.10026E+01
  0.51225E+00  0.10137E+01
  0.22681E-12  0.10146E+01
 -0.18006E-12  0.33018E+01
  0.15139E+01  0.29196E+01
  0.25413E+01  0.21333E+01
  0.30582E+01  0.13338E+01
  0.32407E+01  0.79591E+00
  0.33012E+01  0.47129E+00
  0.33219E+01  0.27788E+00
  0.33287E+01  0.16384E+00
  0.33310E+01  0.96610E-01
  0.33317E+01  0.57022E-01
  0.33319E+01  0.33708E-01
  0.33319E+01  0.19978E-01
  0.33318E+01  0.11893E-01
  0.33318E+01  0.71322E-02
  0.33317E+01  0.43315E-02
  0.33316E+01  0.26891E-02
  0.33315E+01  0.17362E-02
  0.33314E+01  0.12016E-02
  0.33313E+01  0.93462E-03
  0.33312E+01  0.86131E-03
  0.33311E+01  0.96338E-03
  0.33311E+01  0.12730E-02
  0.33310E+01  0.18818E-02
  0.33309E+01  0.29677E-02
  0.33308E+01  0.48455E-02
  0.33308E+01  0.80573E-02
  0.33307E+01  0.13529E-01
  0.33305E+01  0.22833E-01
  0.33302E+01  0.38649E-01
  0.33292E+01  0.65492E-01
  0.33263E+01  0.11114E+00
  0.33178E+01  0.18800E+00
  0.32912E+01  0.31830E+00
  0.32151E+01  0.52672E+00
  0.30119E+01  0.82809E+00
  0.27123E+01  0.11239E+01
  0.21671E+01  0.13993E+01
  0.16215E+01  0.15054E+01
  0.10458E+01  0.15418E+01
  0.51064E+00  0.15285E+01
  0.16960E-12  0.15214E+01
  0.49600E-12  0.19193E+01
  0.10722E+01  0.17662E+01
  0.19456E+01  0.13878E+01
  0.25309E+01  0.97005E+00
  0.28795E+01  0.62451E+00
  0.30745E+01  0.38565E+00
  0.31838E+01  0.23323E+00
  0.32461E+01  0.13949E+00
  0.32819E+01  0.82977E-01
  0.33026E+01  0.49257E-01
  0.33147E+01  0.29253E-01
  0.33218E+01  0.17422E-01
  0.33259E+01  0.10437E-01
  0.33282E+01  0.63167E-02
  0.33296E+01  0.38892E-02
  0.33304E+01  0.24634E-02
  0.33308E+01  0.16340E-02
  0.33310E+01  0.11667E-02
  0.33311E+01  0.93103E-03
  0.33312E+01  0.86303E-03
  0.33313E+01  0.94688E-03
  0.33315E+01  0.12105E-02
  0.33318E+01  0.17334E-02
  0.33323E+01  0.26700E-02
  0.33332E+01  0.42943E-02
  0.33348E+01  0.70798E-02
  0.33376E+01  0.11839E-01
  0.33423E+01  0.19974E-01
  0.33504E+01  0.33899E-01
  0.33638E+01  0.57911E-01
  0.33861E+01  0.99441E-01
  0.34212E+01  0.17387E+00
  0.34754E+01  0.30325E+00
  0.35246E+01  0.57185E+00
  0.34946E+01  0.10176E+01
  0.28733E+01  0.17147E+01
  0.25059E+01  0.19808E+01
  0.16581E+01  0.21926E+01
  0.10190E+01  0.20992E+01
  0.48034E+00  0.20351E+01
 -0.15029E-12  0.20073E+01
 -0.21415E-12  0.89170E+00
  0.88856E+00  0.83176E+00
  0.16606E+01  0.68203E+00
  0.22526E+01  0.49921E+00
  0.26618E+01  0.33617E+00
  0.29257E+01  0.21400E+00
  0.30890E+01  0.13185E+00
  0.31877E+01  0.79792E-01
  0.32466E+01  0.47863E-01
  0.32816E+01  0.28626E-01
  0.33022E+01  0.17149E-01
  0.33144E+01  0.10337E-01
  0.33215E+01  0.63050E-02
  0.33257E+01  0.39210E-02
  0.33281E+01  0.25123E-02
  0.33295E+01  0.16811E-02
  0.33303E+01  0.11939E-02
  0.33307E+01  0.91566E-03
  0.33310E+01  0.77103E-03
  0.33312E+01  0.72309E-03
  0.33315E+01  0.76273E-03
  0.33318E+01  0.90605E-03
  0.33323E+01  0.11991E-02
  0.33333E+01  0.17311E-02
  0.33350E+01  0.26608E-02
  0.33378E+01  0.42633E-02
  0.33427E+01  0.70132E-02
  0.33511E+01  0.11732E-01
  0.33654E+01  0.19872E-01
  0.33900E+01  0.33998E-01
  0.34325E+01  0.59187E-01
  0.35071E+01  0.10384E+00
  0.36362E+01  0.19791E+00
  0.38959E+01  0.33830E+00
  0.42377E+01  0.11485E+01
  0.53417E+01  0.18301E+01
  0.24449E+01  0.34659E+01
  0.15689E+01  0.28774E+01
  0.86176E+00  0.26635E+01
  0.40328E+00  0.24874E+01
 -0.36578E-13  0.24343E+01
 -0.96507E-18  0.80266E-03
  0.83616E-05  0.80014E-03
  0.15782E-04  0.79298E-03
  0.21667E-04  0.78213E-03
  0.25912E-04  0.76871E-03
  0.28753E-04  0.75364E-03
  0.30559E-04  0.73756E-03
  0.31670E-04  0.72086E-03
  0.32340E-04  0.70373E-03
  0.32740E-04  0.68632E-03
  0.32977E-04  0.66867E-03
  0.33117E-04  0.65082E-03
  0.33199E-04  0.63280E-03
  0.33247E-04  0.61459E-03
  0.33275E-04  0.59621E-03
  0.33291E-04  0.57765E-03
  0.33301E-04  0.55891E-03
  0.33306E-04  0.53997E-03
  0.33309E-04  0.52082E-03
  0.33312E-04  0.50145E-03
  0.33315E-04  0.48186E-03
  0.33319E-04  0.46202E-03
  0.33325E-04  0.44191E-03
  0.33336E-04  0.42152E-03
  0.33355E-04  0.40082E-03
  0.33388E-04  0.37976E-03
  0.33445E-04  0.35831E-03
  0.33541E-04  0.33640E-03
  0.33707E-04  0.31395E-03
  0.33999E-04  0.29080E-03
  0.34477E-04  0.26683E-03
  0.35482E-04  0.24146E-03
  0.36596E-04  0.21556E-03
  0.42628E-04  0.18122E-03
  0.35952E-04  0.18155E-03
  0.16007E-03  0.81840E+01
  0.23896E+01  0.41918E+01
  0.93044E+00  0.36586E+01
  0.58708E+00  0.30772E+01
  0.25966E+00  0.28363E+01
  0.10251E-12  0.27554E+01
 -0.13701E-17  0.79637E-03
  0.38588E-05  0.79423E-03
  0.73209E-05  0.78803E-03
  0.10121E-04  0.77840E-03
  0.12179E-04  0.76614E-03
  0.13567E-04  0.75198E-03
  0.14432E-04  0.73655E-03
  0.14927E-04  0.72026E-03
  0.15178E-04  0.70341E-03
  0.15273E-04  0.68615E-03
  0.15270E-04  0.66860E-03
  0.15204E-04  0.65082E-03
  0.15099E-04  0.63283E-03
  0.14966E-04  0.61465E-03
  0.14813E-04  0.59628E-03
  0.14644E-04  0.57774E-03
  0.14461E-04  0.55900E-03
  0.14265E-04  0.54006E-03
  0.14057E-04  0.52092E-03
  0.13836E-04  0.50157E-03
  0.13601E-04  0.48198E-03
  0.13349E-04  0.46215E-03
  0.13081E-04  0.44205E-03
  0.12792E-04  0.42167E-03
  0.12479E-04  0.40097E-03
  0.12138E-04  0.37992E-03
  0.11764E-04  0.35847E-03
  0.11350E-04  0.33656E-03
  0.10893E-04  0.31408E-03
  0.10377E-04  0.29090E-03
  0.98308E-05  0.26674E-03
  0.90904E-05  0.24152E-03
  0.89877E-05  0.21327E-03
  0.57690E-05  0.18681E-03
  0.18618E-04  0.13601E-03
 -0.22342E-04  0.60967E+01
 -0.94169E-01  0.54182E+01
  0.29278E+00  0.38229E+01
  0.14692E+00  0.33136E+01
  0.88978E-01  0.30104E+01
 -0.64123E-14  0.29250E+01
 -0.29015E-13  0.79450E-03
 -0.21492E-01  0.79246E-03
 -0.43127E-01  0.78655E-03
 -0.65047E-01  0.77730E-03
 -0.87391E-01  0.76540E-03
 -0.11030E+00  0.75155E-03
 -0.13391E+00  0.73634E-03
 -0.15835E+00  0.72021E-03
 -0.18376E+00  0.70346E-03
 -0.21027E+00  0.68627E-03
 -0.23799E+00  0.66876E-03
 -0.26705E+00  0.65101E-03
 -0.29757E+00  0.63304E-03
 -0.32967E+00  0.61488E-03
 -0.36346E+00  0.59654E-03
 -0.39906E+00  0.57801E-03
 -0.43660E+00  0.55929E-03
 -0.47624E+00  0.54037E-03
 -0.51815E+00  0.52125E-03
 -0.56257E+00  0.50191E-03
 -0.60978E+00  0.48234E-03
 -0.66019E+00  0.46254E-03
 -0.71432E+00  0.44247E-03
 -0.77290E+00  0.42212E-03
 -0.83696E+00  0.40147E-03
 -0.90791E+00  0.38047E-03
 -0.98774E+00  0.35909E-03
 -0.10793E+01  0.33727E-03
 -0.11870E+01  0.31491E-03
 -0.13172E+01  0.29187E-03
 -0.14807E+01  0.26802E-03
 -0.16962E+01  0.24278E-03
 -0.20015E+01  0.21685E-03
 -0.24762E+01  0.18296E-03
 -0.34209E+01  0.17568E-03
 -0.63795E+01  0.73996E+01
 -0.84824E+00  0.41998E+01
 -0.61436E+00  0.37547E+01
 -0.21016E+00  0.32304E+01
 -0.86891E-01  0.30094E+01
  0.18330E-12  0.29345E+01
  0.14362E-13  0.22218E-01
 -0.21425E-01  0.22287E-01
 -0.42993E-01  0.22495E-01
 -0.64845E-01  0.22840E-01
 -0.87122E-01  0.23324E-01
 -0.10996E+00  0.23943E-01
 -0.13351E+00  0.24697E-01
 -0.15788E+00  0.25583E-01
 -0.18323E+00  0.26598E-01
 -0.20967E+00  0.27739E-01
 -0.23734E+00  0.29003E-01
 -0.26634E+00  0.30385E-01
 -0.29681E+00  0.31884E-01
 -0.32884E+00  0.33497E-01
 -0.36257E+00  0.35228E-01
 -0.39811E+00  0.37081E-01
 -0.43558E+00  0.39071E-01
 -0.47513E+00  0.41218E-01
 -0.51693E+00  0.43559E-01
 -0.56120E+00  0.46149E-01
 -0.60822E+00  0.49066E-01
 -0.65836E+00  0.52423E-01
 -0.71214E+00  0.56380E-01
 -0.77023E+00  0.61163E-01
 -0.83361E+00  0.67087E-01
 -0.90358E+00  0.74606E-01
 -0.98203E+00  0.84385E-01
 -0.10716E+01  0.97428E-01
 -0.11761E+01  0.11532E+00
 -0.13013E+01  0.14068E+00
 -0.14564E+01  0.17840E+00
 -0.16557E+01  0.23651E+00
 -0.19279E+01  0.34278E+00
 -0.23037E+01  0.49683E+00
 -0.30030E+01  0.12655E+01
 -0.24585E+01  0.19694E+01
 -0.20825E+01  0.35637E+01
 -0.88127E+00  0.31445E+01
 -0.49239E+00  0.29895E+01
 -0.20242E+00  0.28471E+01
 -0.13034E-13  0.28036E+01
 -0.21649E-13  0.43502E-01
 -0.21215E-01  0.43643E-01
 -0.42574E-01  0.44065E-01
 -0.64217E-01  0.44766E-01
 -0.86288E-01  0.45745E-01
 -0.10892E+00  0.47000E-01
 -0.13227E+00  0.48525E-01
 -0.15645E+00  0.50316E-01
 -0.18160E+00  0.52367E-01
 -0.20786E+00  0.54670E-01
 -0.23534E+00  0.57218E-01
 -0.26417E+00  0.60003E-01
 -0.29446E+00  0.63020E-01
 -0.32633E+00  0.66264E-01
 -0.35988E+00  0.69738E-01
 -0.39522E+00  0.73451E-01
 -0.43248E+00  0.77427E-01
 -0.47177E+00  0.81706E-01
 -0.51325E+00  0.86355E-01
 -0.55711E+00  0.91477E-01
 -0.60357E+00  0.97219E-01
 -0.65296E+00  0.10380E+00
 -0.70570E+00  0.11152E+00
 -0.76237E+00  0.12079E+00
 -0.82377E+00  0.13223E+00
 -0.89098E+00  0.14665E+00
 -0.96549E+00  0.16528E+00
 -0.10493E+01  0.18991E+00
 -0.11452E+01  0.22328E+00
 -0.12571E+01  0.26986E+00
 -0.13898E+01  0.33695E+00
 -0.15504E+01  0.43907E+00
 -0.17407E+01  0.59718E+00
 -0.19683E+01  0.88913E+00
 -0.20341E+01  0.13550E+01
 -0.19748E+01  0.20648E+01
 -0.14693E+01  0.23965E+01
 -0.10220E+01  0.26638E+01
 -0.57085E+00  0.26325E+01
 -0.26325E+00  0.26015E+01
 -0.29141E-13  0.25848E+01
 -0.12382E-13  0.64505E-01
 -0.20862E-01  0.64718E-01
 -0.41869E-01  0.65354E-01
 -0.63163E-01  0.66414E-01
 -0.84886E-01  0.67892E-01
 -0.10718E+00  0.69785E-01
 -0.13019E+00  0.72087E-01
 -0.15404E+00  0.74789E-01
 -0.17887E+00  0.77883E-01
 -0.20482E+00  0.81356E-01
 -0.23200E+00  0.85196E-01
 -0.26054E+00  0.89391E-01
 -0.29054E+00  0.93929E-01
 -0.32213E+00  0.98803E-01
 -0.35539E+00  0.10401E+00
 -0.39043E+00  0.10956E+00
 -0.42735E+00  0.11549E+00
 -0.46624E+00  0.12183E+00
 -0.50722E+00  0.12869E+00
 -0.55042E+00  0.13620E+00
 -0.59602E+00  0.14456E+00
 -0.64424E+00  0.15407E+00
 -0.69538E+00  0.16513E+00
 -0.74986E+00  0.17833E+00
 -0.80822E+00  0.19446E+00
 -0.87122E+00  0.21463E+00
 -0.93981E+00  0.24040E+00
 -0.10152E+01  0.27401E+00
 -0.10988E+01  0.31877E+00
 -0.11922E+01  0.37963E+00
 -0.12963E+01  0.46443E+00
 -0.14097E+01  0.58507E+00
 -0.15254E+01  0.76217E+00
 -0.16076E+01  0.10186E+01
 -0.16215E+01  0.13679E+01
 -0.14751E+01  0.17189E+01
 -0.12303E+01  0.20504E+01
 -0.88722E+00  0.22188E+01
 -0.56513E+00  0.23048E+01
 -0.26873E+00  0.23245E+01
  0.41391E-13  0.23285E+01
  0.94676E-13  0.85083E-01
 -0.20366E-01  0.85368E-01
 -0.40877E-01  0.86221E-01
 -0.61678E-01  0.87641E-01
 -0.82913E-01  0.89624E-01
 -0.10473E+00  0.92162E-01
 -0.12726E+00  0.95248E-01
 -0.15065E+00  0.98871E-01
 -0.17503E+00  0.10302E+00
 -0.20054E+00  0.10767E+00
 -0.22730E+00  0.11282E+00
 -0.25543E+00  0.11844E+00
 -0.28505E+00  0.12451E+00
 -0.31625E+00  0.13101E+00
 -0.34913E+00  0.13795E+00
 -0.38376E+00  0.14531E+00
 -0.42024E+00  0.15313E+00
 -0.45862E+00  0.16146E+00
 -0.49897E+00  0.17039E+00
 -0.54136E+00  0.18009E+00
 -0.58587E+00  0.19078E+00
 -0.63262E+00  0.20281E+00
 -0.68176E+00  0.21667E+00
 -0.73349E+00  0.23301E+00
 -0.78810E+00  0.25276E+00
 -0.84594E+00  0.27717E+00
 -0.90740E+00  0.30792E+00
 -0.97287E+00  0.34738E+00
 -0.10426E+01  0.39877E+00
 -0.11161E+01  0.46664E+00
 -0.11917E+01  0.55727E+00
 -0.12646E+01  0.67910E+00
 -0.13231E+01  0.84165E+00
 -0.13485E+01  0.10512E+01
 -0.13103E+01  0.12954E+01
 -0.11979E+01  0.15518E+01
 -0.10031E+01  0.17659E+01
 -0.76438E+00  0.19260E+01
 -0.50431E+00  0.20166E+01
 -0.24916E+00  0.20613E+01
  0.35978E-13  0.20737E+01
  0.75416E-13  0.10509E+00
 -0.19723E-01  0.10545E+00
 -0.39594E-01  0.10652E+00
 -0.59758E-01  0.10831E+00
 -0.80362E-01  0.11080E+00
 -0.10155E+00  0.11399E+00
 -0.12347E+00  0.11787E+00
 -0.14626E+00  0.12243E+00
 -0.17006E+00  0.12765E+00
 -0.19501E+00  0.13350E+00
 -0.22123E+00  0.13997E+00
 -0.24884E+00  0.14703E+00
 -0.27796E+00  0.15465E+00
 -0.30869E+00  0.16279E+00
 -0.34110E+00  0.17145E+00
 -0.37526E+00  0.18061E+00
 -0.41123E+00  0.19028E+00
 -0.44903E+00  0.20050E+00
 -0.48868E+00  0.21136E+00
 -0.53017E+00  0.22301E+00
 -0.57350E+00  0.23570E+00
 -0.61863E+00  0.24978E+00
 -0.66556E+00  0.26577E+00
 -0.71428E+00  0.28437E+00
 -0.76478E+00  0.30652E+00
 -0.81703E+00  0.33350E+00
 -0.87094E+00  0.36697E+00
 -0.92622E+00  0.40911E+00
 -0.98217E+00  0.46274E+00
 -0.10373E+01  0.53144E+00
 -0.10886E+01  0.61955E+00
 -0.11306E+01  0.73171E+00
 -0.11542E+01  0.87143E+00
 -0.11465E+01  0.10375E+01
 -0.10952E+01  0.12217E+01
 -0.99101E+00  0.14047E+01
 -0.83862E+00  0.15684E+01
 -0.64820E+00  0.16939E+01
 -0.43800E+00  0.17790E+01
 -0.21967E+00  0.18256E+01
 -0.21049E-14  0.18404E+01
 -0.11328E-13  0.12438E+00
 -0.18934E-01  0.12481E+00
 -0.38017E-01  0.12611E+00
 -0.57398E-01  0.12826E+00
 -0.77226E-01  0.13127E+00
 -0.97648E-01  0.13513E+00
 -0.11881E+00  0.13982E+00
 -0.14086E+00  0.14533E+00
 -0.16395E+00  0.15163E+00
 -0.18820E+00  0.15871E+00
 -0.21376E+00  0.16654E+00
 -0.24075E+00  0.17506E+00
 -0.26927E+00  0.18426E+00
 -0.29943E+00  0.19407E+00
 -0.33131E+00  0.20446E+00
 -0.36495E+00  0.21541E+00
 -0.40038E+00  0.22688E+00
 -0.43760E+00  0.23891E+00
 -0.47655E+00  0.25155E+00
 -0.51716E+00  0.26492E+00
 -0.55931E+00  0.27926E+00
 -0.60284E+00  0.29489E+00
 -0.64757E+00  0.31232E+00
 -0.69328E+00  0.33224E+00
 -0.73968E+00  0.35556E+00
 -0.78642E+00  0.38348E+00
 -0.83302E+00  0.41752E+00
 -0.87870E+00  0.45955E+00
 -0.92225E+00  0.51184E+00
 -0.96170E+00  0.57696E+00
 -0.99388E+00  0.65758E+00
 -0.10140E+01  0.75585E+00
 -0.10156E+01  0.87231E+00
 -0.99102E+00  0.10044E+01
 -0.93319E+00  0.11449E+01
 -0.83899E+00  0.12835E+01
 -0.70976E+00  0.14075E+01
 -0.55276E+00  0.15078E+01
 -0.37676E+00  0.15791E+01
 -0.19051E+00  0.16210E+01
 -0.10432E-13  0.16347E+01
 -0.32098E-13  0.14281E+00
 -0.17996E-01  0.14332E+00
 -0.36143E-01  0.14484E+00
 -0.54592E-01  0.14737E+00
 -0.73494E-01  0.15090E+00
 -0.93001E-01  0.15543E+00
 -0.11326E+00  0.16094E+00
 -0.13443E+00  0.16742E+00
 -0.15666E+00  0.17485E+00
 -0.18009E+00  0.18318E+00
 -0.20486E+00  0.19239E+00
 -0.23110E+00  0.20243E+00
 -0.25894E+00  0.21324E+00
 -0.28846E+00  0.22477E+00
 -0.31975E+00  0.23693E+00
 -0.35284E+00  0.24968E+00
 -0.38774E+00  0.26295E+00
 -0.42441E+00  0.27673E+00
 -0.46275E+00  0.29102E+00
 -0.50260E+00  0.30591E+00
 -0.54373E+00  0.32156E+00
 -0.58585E+00  0.33826E+00
 -0.62860E+00  0.35645E+00
 -0.67156E+00  0.37678E+00
 -0.71421E+00  0.40008E+00
 -0.75591E+00  0.42743E+00
 -0.79590E+00  0.46016E+00
 -0.83312E+00  0.49983E+00
 -0.86614E+00  0.54816E+00
 -0.89293E+00  0.60690E+00
 -0.91068E+00  0.67758E+00
 -0.91568E+00  0.76098E+00
 -0.90345E+00  0.85647E+00
 -0.86933E+00  0.96132E+00
 -0.80961E+00  0.10704E+01
 -0.72268E+00  0.11766E+01
 -0.60998E+00  0.12725E+01
 -0.47557E+00  0.13514E+01
 -0.32525E+00  0.14093E+01
 -0.16495E+00  0.14443E+01
  0.39430E-15  0.14560E+01
  0.43738E-13  0.16022E+00
 -0.16907E-01  0.16081E+00
 -0.33966E-01  0.16255E+00
 -0.51332E-01  0.16546E+00
 -0.69157E-01  0.16953E+00
 -0.87597E-01  0.17475E+00
 -0.10681E+00  0.18110E+00
 -0.12695E+00  0.18858E+00
 -0.14817E+00  0.19715E+00
 -0.17063E+00  0.20678E+00
 -0.19448E+00  0.21742E+00
 -0.21987E+00  0.22903E+00
 -0.24691E+00  0.24152E+00
 -0.27571E+00  0.25482E+00
 -0.30637E+00  0.26882E+00
 -0.33891E+00  0.28342E+00
 -0.37332E+00  0.29853E+00
 -0.40955E+00  0.31405E+00
 -0.44743E+00  0.32993E+00
 -0.48674E+00  0.34616E+00
 -0.52714E+00  0.36284E+00
 -0.56821E+00  0.38017E+00
 -0.60941E+00  0.39851E+00
 -0.65013E+00  0.41841E+00
 -0.68963E+00  0.44060E+00
 -0.72707E+00  0.46606E+00
 -0.76145E+00  0.49591E+00
 -0.79161E+00  0.53146E+00
 -0.81606E+00  0.57400E+00
 -0.83295E+00  0.62475E+00
 -0.84000E+00  0.68453E+00
 -0.83447E+00  0.75347E+00
 -0.81336E+00  0.83058E+00
 -0.77387E+00  0.91352E+00
 -0.71395E+00  0.99849E+00
 -0.63302E+00  0.10807E+01
 -0.53222E+00  0.11549E+01
 -0.41438E+00  0.12168E+01
 -0.28345E+00  0.12628E+01
 -0.14385E+00  0.12910E+01
  0.70698E-14  0.13005E+01
  0.33238E-13  0.17647E+00
 -0.15665E-01  0.17713E+00
 -0.31485E-01  0.17911E+00
 -0.47613E-01  0.18240E+00
 -0.64206E-01  0.18701E+00
 -0.81423E-01  0.19292E+00
 -0.99425E-01  0.20014E+00
 -0.11838E+00  0.20863E+00
 -0.13844E+00  0.21838E+00
 -0.15979E+00  0.22935E+00
 -0.18258E+00  0.24149E+00
 -0.20697E+00  0.25473E+00
 -0.23310E+00  0.26899E+00
 -0.26111E+00  0.28416E+00
 -0.29109E+00  0.30011E+00
 -0.32308E+00  0.31667E+00
 -0.35708E+00  0.33370E+00
 -0.39300E+00  0.35103E+00
 -0.43066E+00  0.36849E+00
 -0.46975E+00  0.38600E+00
 -0.50985E+00  0.40351E+00
 -0.55040E+00  0.42112E+00
 -0.59068E+00  0.43906E+00
 -0.62989E+00  0.45778E+00
 -0.66708E+00  0.47792E+00
 -0.70122E+00  0.50032E+00
 -0.73117E+00  0.52600E+00
 -0.75570E+00  0.55605E+00
 -0.77340E+00  0.59156E+00
 -0.78271E+00  0.63340E+00
 -0.78184E+00  0.68206E+00
 -0.76886E+00  0.73741E+00
 -0.74186E+00  0.79849E+00
 -0.69918E+00  0.86339E+00
 -0.63981E+00  0.92929E+00
 -0.56366E+00  0.99276E+00
 -0.47181E+00  0.10502E+01
 -0.36636E+00  0.10982E+01
 -0.25028E+00  0.11343E+01
 -0.12696E+00  0.11566E+01
  0.10369E-13  0.11641E+01
  0.67832E-13  0.19140E+00
 -0.14270E-01  0.19214E+00
 -0.28694E-01  0.19435E+00
 -0.43429E-01  0.19803E+00
 -0.58631E-01  0.20318E+00
 -0.74464E-01  0.20980E+00
 -0.91093E-01  0.21789E+00
 -0.10869E+00  0.22742E+00
 -0.12743E+00  0.23839E+00
 -0.14749E+00  0.25075E+00
 -0.16906E+00  0.26445E+00
 -0.19231E+00  0.27942E+00
 -0.21742E+00  0.29555E+00
 -0.24453E+00  0.31272E+00
 -0.27378E+00  0.33076E+00
 -0.30523E+00  0.34946E+00
 -0.33889E+00  0.36858E+00
 -0.37469E+00  0.38787E+00
 -0.41242E+00  0.40704E+00
 -0.45173E+00  0.42586E+00
 -0.49209E+00  0.44412E+00
 -0.53282E+00  0.46177E+00
 -0.57301E+00  0.47890E+00
 -0.61164E+00  0.49580E+00
 -0.64756E+00  0.51302E+00
 -0.67953E+00  0.53134E+00
 -0.70629E+00  0.55170E+00
 -0.72657E+00  0.57516E+00
 -0.73910E+00  0.60269E+00
 -0.74260E+00  0.63506E+00
 -0.73577E+00  0.67267E+00
 -0.71734E+00  0.71537E+00
 -0.68619E+00  0.76234E+00
 -0.64144E+00  0.81208E+00
 -0.58272E+00  0.86248E+00
 -0.51030E+00  0.91099E+00
 -0.42519E+00  0.95497E+00
 -0.32911E+00  0.99193E+00
 -0.22438E+00  0.10198E+01
 -0.11370E+00  0.10371E+01
 -0.16883E-13  0.10430E+01
 -0.80480E-13  0.20486E+00
 -0.12721E-01  0.20567E+00
 -0.25595E-01  0.20811E+00
 -0.38777E-01  0.21218E+00
 -0.52428E-01  0.21788E+00
 -0.66710E-01  0.22522E+00
 -0.81795E-01  0.23419E+00
 -0.97861E-01  0.24479E+00
 -0.11510E+00  0.25700E+00
 -0.13370E+00  0.27080E+00
 -0.15386E+00  0.28613E+00
 -0.17581E+00  0.30293E+00
 -0.19972E+00  0.32107E+00
 -0.22581E+00  0.34041E+00
 -0.25424E+00  0.36075E+00
 -0.28513E+00  0.38182E+00
 -0.31854E+00  0.40330E+00
 -0.35441E+00  0.42483E+00
 -0.39256E+00  0.44596E+00
 -0.43260E+00  0.46629E+00
 -0.47393E+00  0.48540E+00
 -0.51572E+00  0.50301E+00
 -0.55687E+00  0.51901E+00
 -0.59610E+00  0.53355E+00
 -0.63198E+00  0.54707E+00
 -0.66304E+00  0.56033E+00
 -0.68788E+00  0.57431E+00
 -0.70519E+00  0.59014E+00
 -0.71383E+00  0.60887E+00
 -0.71281E+00  0.63135E+00
 -0.70131E+00  0.65803E+00
 -0.67862E+00  0.68888E+00
 -0.64423E+00  0.72326E+00
 -0.59784E+00  0.76001E+00
 -0.53954E+00  0.79751E+00
 -0.46982E+00  0.83381E+00
 -0.38969E+00  0.86690E+00
 -0.30061E+00  0.89484E+00
 -0.20447E+00  0.91603E+00
 -0.10347E+00  0.92923E+00
  0.24828E-13  0.93371E+00
  0.58795E-13  0.21669E+00
 -0.11018E-01  0.21758E+00
 -0.22187E-01  0.22025E+00
 -0.33660E-01  0.22470E+00
 -0.45594E-01  0.23095E+00
 -0.58155E-01  0.23900E+00
 -0.71517E-01  0.24886E+00
 -0.85866E-01  0.26053E+00
 -0.10140E+00  0.27402E+00
 -0.11833E+00  0.28931E+00
 -0.13689E+00  0.30635E+00
 -0.15732E+00  0.32507E+00
 -0.17985E+00  0.34537E+00
 -0.20474E+00  0.36709E+00
 -0.23223E+00  0.38998E+00
 -0.26250E+00  0.41375E+00
 -0.29569E+00  0.43798E+00
 -0.33182E+00  0.46216E+00
 -0.37075E+00  0.48571E+00
 -0.41212E+00  0.50796E+00
 -0.45526E+00  0.52822E+00
 -0.49920E+00  0.54593E+00
 -0.54262E+00  0.56067E+00
 -0.58389E+00  0.57240E+00
 -0.62122E+00  0.58145E+00
 -0.65283E+00  0.58862E+00
 -0.67704E+00  0.59506E+00
 -0.69251E+00  0.60215E+00
 -0.69824E+00  0.61120E+00
 -0.69355E+00  0.62330E+00
 -0.67809E+00  0.63910E+00
 -0.65168E+00  0.65870E+00
 -0.61434E+00  0.68168E+00
 -0.56628E+00  0.70712E+00
 -0.50790E+00  0.73370E+00
 -0.43989E+00  0.75988E+00
 -0.36324E+00  0.78404E+00
 -0.27924E+00  0.80463E+00
 -0.18948E+00  0.82035E+00
 -0.95750E-01  0.83019E+00
 -0.76479E-14  0.83354E+00
  0.85357E-13  0.22674E+00
 -0.91659E-02  0.22771E+00
 -0.18477E-01  0.23060E+00
 -0.28083E-01  0.23543E+00
 -0.38136E-01  0.24221E+00
 -0.48802E-01  0.25096E+00
 -0.60256E-01  0.26171E+00
 -0.72688E-01  0.27447E+00
 -0.86309E-01  0.28925E+00
 -0.10135E+00  0.30606E+00
 -0.11806E+00  0.32487E+00
 -0.13671E+00  0.34563E+00
 -0.15762E+00  0.36825E+00
 -0.18107E+00  0.39256E+00
 -0.20741E+00  0.41832E+00
 -0.23692E+00  0.44519E+00
 -0.26985E+00  0.47266E+00
 -0.30637E+00  0.50012E+00
 -0.34643E+00  0.52676E+00
 -0.38976E+00  0.55162E+00
 -0.43570E+00  0.57366E+00
 -0.48314E+00  0.59188E+00
 -0.53046E+00  0.60547E+00
 -0.57560E+00  0.61404E+00
 -0.61625E+00  0.61780E+00
 -0.65007E+00  0.61768E+00
 -0.67504E+00  0.61518E+00
 -0.68968E+00  0.61213E+00
 -0.69313E+00  0.61038E+00
 -0.68513E+00  0.61142E+00
 -0.66584E+00  0.61620E+00
 -0.63570E+00  0.62502E+00
 -0.59524E+00  0.63755E+00
 -0.54509E+00  0.65302E+00
 -0.48596E+00  0.67028E+00
 -0.41867E+00  0.68800E+00
 -0.34420E+00  0.70479E+00
 -0.26369E+00  0.71938E+00
 -0.17849E+00  0.73064E+00
 -0.90065E-01  0.73775E+00
 -0.92423E-14  0.74017E+00
  0.40657E-13  0.23488E+00
 -0.71688E-02  0.23591E+00
 -0.14475E-01  0.23901E+00
 -0.22059E-01  0.24420E+00
 -0.30070E-01  0.25150E+00
 -0.38665E-01  0.26093E+00
 -0.48020E-01  0.27254E+00
 -0.58328E-01  0.28637E+00
 -0.69805E-01  0.30244E+00
 -0.82697E-01  0.32079E+00
 -0.97282E-01  0.34143E+00
 -0.11387E+00  0.36432E+00
 -0.13282E+00  0.38941E+00
 -0.15453E+00  0.41656E+00
 -0.17940E+00  0.44553E+00
 -0.20788E+00  0.47597E+00
 -0.24040E+00  0.50733E+00
 -0.27730E+00  0.53886E+00
 -0.31876E+00  0.56955E+00
 -0.36469E+00  0.59809E+00
 -0.41452E+00  0.62298E+00
 -0.46707E+00  0.64258E+00
 -0.52039E+00  0.65544E+00
 -0.57181E+00  0.66065E+00
 -0.61818E+00  0.65821E+00
 -0.65630E+00  0.64922E+00
 -0.68355E+00  0.63583E+00
 -0.69817E+00  0.62072E+00
 -0.69958E+00  0.60661E+00
 -0.68805E+00  0.59564E+00
 -0.66449E+00  0.58912E+00
 -0.63004E+00  0.58748E+00
 -0.58584E+00  0.59041E+00
 -0.53291E+00  0.59709E+00
 -0.47223E+00  0.60639E+00
 -0.40469E+00  0.61705E+00
 -0.33124E+00  0.62781E+00
 -0.25289E+00  0.63751E+00
 -0.17075E+00  0.64517E+00
 -0.86032E-01  0.65007E+00
 -0.51308E-14  0.65176E+00
  0.13043E-12  0.24095E+00
 -0.50354E-02  0.24204E+00
 -0.10196E-01  0.24534E+00
 -0.15612E-01  0.25087E+00
 -0.21421E-01  0.25865E+00
 -0.27774E-01  0.26873E+00
 -0.34838E-01  0.28117E+00
 -0.42805E-01  0.29602E+00
 -0.51895E-01  0.31336E+00
 -0.62363E-01  0.33324E+00
 -0.74509E-01  0.35571E+00
 -0.88682E-01  0.38080E+00
 -0.10529E+00  0.40849E+00
 -0.12481E+00  0.43870E+00
 -0.14778E+00  0.47123E+00
 -0.17481E+00  0.50577E+00
 -0.20653E+00  0.54176E+00
 -0.24359E+00  0.57838E+00
 -0.28651E+00  0.61441E+00
 -0.33554E+00  0.64820E+00
 -0.39043E+00  0.67761E+00
 -0.45004E+00  0.70014E+00
 -0.51209E+00  0.71330E+00
 -0.57308E+00  0.71524E+00
 -0.62847E+00  0.70543E+00
 -0.67372E+00  0.68535E+00
 -0.70493E+00  0.65816E+00
 -0.72016E+00  0.62817E+00
 -0.71909E+00  0.59947E+00
 -0.70305E+00  0.57518E+00
 -0.67403E+00  0.55698E+00
 -0.63412E+00  0.54525E+00
 -0.58513E+00  0.53944E+00
 -0.52849E+00  0.53851E+00
 -0.46535E+00  0.54115E+00
 -0.39663E+00  0.54604E+00
 -0.32319E+00  0.55194E+00
 -0.24589E+00  0.55773E+00
 -0.16562E+00  0.56254E+00
 -0.83321E-01  0.56569E+00
  0.76826E-14  0.56679E+00
 -0.75436E-13  0.24482E+00
 -0.27774E-02  0.24598E+00
 -0.56645E-02  0.24946E+00
 -0.87756E-02  0.25528E+00
 -0.12234E-01  0.26350E+00
 -0.16176E-01  0.27417E+00
 -0.20760E-01  0.28737E+00
 -0.26168E-01  0.30319E+00
 -0.32617E-01  0.32172E+00
 -0.40364E-01  0.34308E+00
 -0.49724E-01  0.36737E+00
 -0.61072E-01  0.39466E+00
 -0.74867E-01  0.42503E+00
 -0.91661E-01  0.45847E+00
 -0.11212E+00  0.49488E+00
 -0.13703E+00  0.53405E+00
 -0.16730E+00  0.57548E+00
 -0.20395E+00  0.61836E+00
 -0.24801E+00  0.66140E+00
 -0.30034E+00  0.70258E+00
 -0.36131E+00  0.73909E+00
 -0.43020E+00  0.76722E+00
 -0.50462E+00  0.78277E+00
 -0.57979E+00  0.78203E+00
 -0.64930E+00  0.76352E+00
 -0.70542E+00  0.72876E+00
 -0.74299E+00  0.68334E+00
 -0.75873E+00  0.63397E+00
 -0.75379E+00  0.58754E+00
 -0.73104E+00  0.54830E+00
 -0.69437E+00  0.51815E+00
 -0.64716E+00  0.49696E+00
 -0.59197E+00  0.48356E+00
 -0.53054E+00  0.47634E+00
 -0.46403E+00  0.47367E+00
 -0.39330E+00  0.47407E+00
 -0.31903E+00  0.47621E+00
 -0.24188E+00  0.47901E+00
 -0.16252E+00  0.48163E+00
 -0.81641E-01  0.48344E+00
 -0.20808E-13  0.48409E+00
 -0.48414E-13  0.24639E+00
 -0.41066E-03  0.24760E+00
 -0.91096E-03  0.25123E+00
 -0.15951E-02  0.25731E+00
 -0.25668E-02  0.26590E+00
 -0.39443E-02  0.27709E+00
 -0.58667E-02  0.29096E+00
 -0.85013E-02  0.30764E+00
 -0.12052E-01  0.32727E+00
 -0.16770E-01  0.35000E+00
 -0.22969E-01  0.37600E+00
 -0.31039E-01  0.40544E+00
 -0.41470E-01  0.43847E+00
 -0.54878E-01  0.47522E+00
 -0.72037E-01  0.51574E+00
 -0.93915E-01  0.55997E+00
 -0.12171E+00  0.60761E+00
 -0.15689E+00  0.65803E+00
 -0.20113E+00  0.71001E+00
 -0.25625E+00  0.76141E+00
 -0.32380E+00  0.80879E+00
 -0.40429E+00  0.84696E+00
 -0.49567E+00  0.86897E+00
 -0.59239E+00  0.86778E+00
 -0.68303E+00  0.83838E+00
 -0.75763E+00  0.78395E+00
 -0.80307E+00  0.71178E+00
 -0.81893E+00  0.63646E+00
 -0.80634E+00  0.56758E+00
 -0.77281E+00  0.51186E+00
 -0.72499E+00  0.47010E+00
 -0.66798E+00  0.44082E+00
 -0.60493E+00  0.42148E+00
 -0.53758E+00  0.40965E+00
 -0.46691E+00  0.40320E+00
 -0.39349E+00  0.40040E+00
 -0.31776E+00  0.39988E+00
 -0.24010E+00  0.40054E+00
 -0.16093E+00  0.40158E+00
 -0.80732E-01  0.40242E+00
 -0.37328E-14  0.40274E+00
  0.71135E-13  0.24556E+00
  0.20446E-02  0.24680E+00
  0.40241E-02  0.25055E+00
  0.58692E-02  0.25683E+00
  0.75010E-02  0.26572E+00
  0.88260E-02  0.27732E+00
  0.97299E-02  0.29175E+00
  0.10070E-01  0.30915E+00
  0.96651E-02  0.32972E+00
  0.82846E-02  0.35365E+00
  0.56319E-02  0.38120E+00
  0.13240E-02  0.41262E+00
 -0.51354E-02  0.44818E+00
 -0.14393E-01  0.48817E+00
 -0.27294E-01  0.53284E+00
 -0.44948E-01  0.58238E+00
 -0.68811E-01  0.63684E+00
 -0.10079E+00  0.69593E+00
 -0.14334E+00  0.75886E+00
 -0.19951E+00  0.82380E+00
 -0.27280E+00  0.88720E+00
 -0.36629E+00  0.94255E+00
 -0.48067E+00  0.97935E+00
 -0.60833E+00  0.98245E+00
 -0.73798E+00  0.94271E+00
 -0.83513E+00  0.85488E+00
 -0.89843E+00  0.74528E+00
 -0.90716E+00  0.62959E+00
 -0.87998E+00  0.53367E+00
 -0.82827E+00  0.46067E+00
 -0.76427E+00  0.40948E+00
 -0.69452E+00  0.37476E+00
 -0.62200E+00  0.35200E+00
 -0.54786E+00  0.33767E+00
 -0.47250E+00  0.32916E+00
 -0.39600E+00  0.32454E+00
 -0.31842E+00  0.32242E+00
 -0.23983E+00  0.32175E+00
 -0.16040E+00  0.32177E+00
 -0.80361E-01  0.32199E+00
  0.13330E-13  0.32209E+00
  0.46335E-13  0.24224E+00
  0.45636E-02  0.24351E+00
  0.90914E-02  0.24733E+00
  0.13543E-01  0.25375E+00
  0.17870E-01  0.26285E+00
  0.22010E-01  0.27473E+00
  0.25881E-01  0.28956E+00
  0.29374E-01  0.30750E+00
  0.32342E-01  0.32880E+00
  0.34591E-01  0.35370E+00
  0.35860E-01  0.38253E+00
  0.35802E-01  0.41565E+00
  0.33949E-01  0.45346E+00
  0.29671E-01  0.49642E+00
  0.22116E-01  0.54504E+00
  0.10117E-01  0.59983E+00
 -0.79354E-02  0.66128E+00
 -0.34281E-01  0.72977E+00
 -0.72053E-01  0.80528E+00
 -0.12565E+00  0.88706E+00
 -0.20103E+00  0.97246E+00
 -0.30609E+00  0.10557E+01
 -0.44766E+00  0.11223E+01
 -0.62814E+00  0.11480E+01
 -0.80358E+00  0.10893E+01
 -0.98334E+00  0.96646E+00
 -0.10344E+01  0.76961E+00
 -0.10370E+01  0.60499E+00
 -0.97632E+00  0.47275E+00
 -0.89463E+00  0.38777E+00
 -0.80842E+00  0.33252E+00
 -0.72343E+00  0.29705E+00
 -0.64051E+00  0.27433E+00
 -0.55932E+00  0.26004E+00
 -0.47921E+00  0.25133E+00
 -0.39962E+00  0.24628E+00
 -0.32010E+00  0.24359E+00
 -0.24043E+00  0.24232E+00
 -0.16049E+00  0.24184E+00
 -0.80317E-01  0.24171E+00
 -0.14519E-13  0.24169E+00
 -0.32455E-14  0.23640E+00
  0.71176E-02  0.23767E+00
  0.14232E-01  0.24152E+00
  0.21338E-01  0.24800E+00
  0.28422E-01  0.25719E+00
  0.35457E-01  0.26922E+00
  0.42402E-01  0.28426E+00
  0.49190E-01  0.30252E+00
  0.55722E-01  0.32428E+00
  0.61855E-01  0.34984E+00
  0.67387E-01  0.37959E+00
  0.72035E-01  0.41400E+00
  0.75402E-01  0.45359E+00
  0.76937E-01  0.49902E+00
  0.75863E-01  0.55105E+00
  0.71082E-01  0.61058E+00
  0.61014E-01  0.67863E+00
  0.43350E-01  0.75639E+00
  0.14623E-01  0.84510E+00
 -0.30416E-01  0.94574E+00
 -0.10021E+00  0.10588E+01
 -0.20702E+00  0.11805E+01
 -0.37406E+00  0.13060E+01
 -0.61595E+00  0.13870E+01
 -0.97588E+00  0.13703E+01
 -0.10783E+01  0.10676E+01
 -0.13078E+01  0.81662E+00
 -0.12182E+01  0.51232E+00
 -0.10891E+01  0.36896E+00
 -0.96236E+00  0.28546E+00
 -0.85070E+00  0.23693E+00
 -0.75001E+00  0.20713E+00
 -0.65726E+00  0.18861E+00
 -0.56971E+00  0.17706E+00
 -0.48547E+00  0.16997E+00
 -0.40319E+00  0.16577E+00
 -0.32199E+00  0.16340E+00
 -0.24131E+00  0.16217E+00
 -0.16084E+00  0.16159E+00
 -0.80423E-01  0.16136E+00
 -0.36155E-13  0.16130E+00
  0.35812E-13  0.22801E+00
  0.96733E-02  0.22928E+00
  0.19381E-01  0.23310E+00
  0.29153E-01  0.23954E+00
  0.39017E-01  0.24870E+00
  0.48989E-01  0.26070E+00
  0.59072E-01  0.27575E+00
  0.69251E-01  0.29407E+00
  0.79486E-01  0.31597E+00
  0.89700E-01  0.34180E+00
  0.99772E-01  0.37203E+00
  0.10951E+00  0.40718E+00
  0.11864E+00  0.44792E+00
  0.12673E+00  0.49506E+00
  0.13320E+00  0.54962E+00
  0.13716E+00  0.61283E+00
  0.13729E+00  0.68630E+00
  0.13160E+00  0.77206E+00
  0.11696E+00  0.87273E+00
  0.88192E-01  0.99189E+00
  0.36911E-01  0.11332E+01
 -0.54486E-01  0.13052E+01
 -0.20793E+00  0.14946E+01
 -0.52563E+00  0.17741E+01
 -0.95639E+00  0.17647E+01
 -0.24228E+01  0.16862E+01
 -0.17232E+01  0.55318E+00
 -0.14279E+01  0.31701E+00
 -0.11840E+01  0.20525E+00
 -0.10158E+01  0.15315E+00
 -0.88169E+00  0.12388E+00
 -0.76894E+00  0.10675E+00
 -0.66897E+00  0.96281E-01
 -0.57696E+00  0.89824E-01
 -0.48986E+00  0.85863E-01
 -0.40575E+00  0.83491E-01
 -0.32341E+00  0.82129E-01
 -0.24204E+00  0.81393E-01
 -0.16117E+00  0.81028E-01
 -0.80543E-01  0.80870E-01
  0.12901E-13  0.80827E-01
 -0.12839E-12  0.21709E+00
  0.12194E-01  0.21833E+00
  0.24462E-01  0.22207E+00
  0.36875E-01  0.22838E+00
  0.49502E-01  0.23736E+00
  0.62405E-01  0.24916E+00
  0.75639E-01  0.26397E+00
  0.89248E-01  0.28206E+00
  0.10326E+00  0.30374E+00
  0.11767E+00  0.32941E+00
  0.13247E+00  0.35956E+00
  0.14757E+00  0.39480E+00
  0.16285E+00  0.43589E+00
  0.17809E+00  0.48376E+00
  0.19295E+00  0.53960E+00
  0.20690E+00  0.60495E+00
  0.21913E+00  0.68183E+00
  0.22837E+00  0.77298E+00
  0.23252E+00  0.88231E+00
  0.22824E+00  0.10152E+01
  0.20866E+00  0.11813E+01
  0.16444E+00  0.13892E+01
  0.54864E-01  0.16893E+01
 -0.11186E+00  0.19735E+01
 -0.93695E+00  0.33157E+01
 -0.79073E-04  0.90573E-04
 -0.13730E-04  0.91126E-04
 -0.16352E-04  0.12276E-03
 -0.11958E-04  0.14233E-03
 -0.10410E-04  0.16160E-03
 -0.89176E-05  0.17913E-03
 -0.77598E-05  0.19564E-03
 -0.67319E-05  0.21113E-03
 -0.57972E-05  0.22560E-03
 -0.49169E-05  0.23896E-03
 -0.40702E-05  0.25101E-03
 -0.32431E-05  0.26151E-03
 -0.24268E-05  0.27016E-03
 -0.16160E-05  0.27664E-03
 -0.80761E-06  0.28066E-03
 -0.22521E-17  0.28202E-03
  0.63152E-14  0.20369E+00
  0.14642E-01  0.20489E+00
  0.29398E-01  0.20849E+00
  0.44382E-01  0.21457E+00
  0.59708E-01  0.22323E+00
  0.75487E-01  0.23462E+00
  0.91828E-01  0.24894E+00
  0.10884E+00  0.26647E+00
  0.12662E+00  0.28754E+00
  0.14526E+00  0.31255E+00
  0.16484E+00  0.34204E+00
  0.18543E+00  0.37663E+00
  0.20707E+00  0.41714E+00
  0.22979E+00  0.46456E+00
  0.25354E+00  0.52019E+00
  0.27826E+00  0.58570E+00
  0.30379E+00  0.66333E+00
  0.32986E+00  0.75621E+00
  0.35607E+00  0.86872E+00
  0.38157E+00  0.10078E+01
  0.40589E+00  0.11831E+01
  0.42316E+00  0.14194E+01
  0.44624E+00  0.17226E+01
  0.38023E+00  0.22896E+01
  0.51452E+00  0.31182E+01
  0.37247E-04  0.24949E-04
  0.36480E-05  0.10068E-03
  0.94580E-05  0.11878E-03
  0.76157E-05  0.14169E-03
  0.80925E-05  0.16062E-03
  0.81752E-05  0.17844E-03
  0.82981E-05  0.19505E-03
  0.83079E-05  0.21066E-03
  0.81803E-05  0.22526E-03
  0.78583E-05  0.23874E-03
  0.72871E-05  0.25095E-03
  0.64162E-05  0.26162E-03
  0.52164E-05  0.27044E-03
  0.36974E-05  0.27707E-03
  0.19210E-05  0.28120E-03
  0.40400E-17  0.28260E-03
  0.16210E-12  0.18792E+00
  0.16974E-01  0.18905E+00
  0.34105E-01  0.19245E+00
  0.51547E-01  0.19819E+00
  0.69460E-01  0.20637E+00
  0.88005E-01  0.21715E+00
  0.10735E+00  0.23073E+00
  0.12766E+00  0.24737E+00
  0.14911E+00  0.26741E+00
  0.17189E+00  0.29126E+00
  0.19620E+00  0.31945E+00
  0.22223E+00  0.35260E+00
  0.25022E+00  0.39154E+00
  0.28042E+00  0.43725E+00
  0.31315E+00  0.49103E+00
  0.34878E+00  0.55452E+00
  0.38786E+00  0.62993E+00
  0.43119E+00  0.72025E+00
  0.48003E+00  0.82975E+00
  0.53680E+00  0.96445E+00
  0.60503E+00  0.11354E+01
  0.69745E+00  0.13521E+01
  0.81419E+00  0.16805E+01
  0.11142E+01  0.19664E+01
  0.11616E+01  0.38154E+01
  0.55040E+01  0.11203E-03
  0.35868E+01  0.93668E-04
  0.30339E+01  0.12310E-03
  0.27884E+01  0.14203E-03
  0.26406E+01  0.16122E-03
  0.25355E+01  0.17882E-03
  0.24442E+01  0.19547E-03
  0.23489E+01  0.21119E-03
  0.22351E+01  0.22599E-03
  0.20887E+01  0.23979E-03
  0.18953E+01  0.25241E-03
  0.16419E+01  0.26357E-03
  0.13198E+01  0.27292E-03
  0.92868E+00  0.28003E-03
  0.48060E+00  0.28450E-03
 -0.17538E-12  0.28602E-03
 -0.71626E-13  0.16990E+00
  0.19152E-01  0.17094E+00
  0.38500E-01  0.17408E+00
  0.58242E-01  0.17938E+00
  0.78581E-01  0.18693E+00
  0.99727E-01  0.19690E+00
  0.12190E+00  0.20946E+00
  0.14533E+00  0.22489E+00
  0.17028E+00  0.24349E+00
  0.19701E+00  0.26567E+00
  0.22583E+00  0.29192E+00
  0.25708E+00  0.32285E+00
  0.29116E+00  0.35922E+00
  0.32856E+00  0.40197E+00
  0.36988E+00  0.45228E+00
  0.41592E+00  0.51162E+00
  0.46780E+00  0.58191E+00
  0.52718E+00  0.66563E+00
  0.59668E+00  0.76606E+00
  0.68055E+00  0.88788E+00
  0.78716E+00  0.10363E+01
  0.92812E+00  0.12244E+01
  0.11498E+01  0.14394E+01
  0.14394E+01  0.17995E+01
  0.23764E+01  0.18620E+01
  0.27527E+01  0.18952E+01
  0.33121E+01  0.55050E+00
  0.29243E+01  0.28389E+00
  0.27469E+01  0.16107E+00
  0.26222E+01  0.11018E+00
  0.25295E+01  0.88785E-01
  0.24464E+01  0.86106E-01
  0.23582E+01  0.97801E-01
  0.22514E+01  0.12319E+00
  0.21122E+01  0.16292E+00
  0.19257E+01  0.21744E+00
  0.16773E+01  0.28498E+00
  0.13557E+01  0.35949E+00
  0.95877E+00  0.42954E+00
  0.49785E+00  0.48037E+00
 -0.32892E-12  0.49892E+00
  0.80110E-13  0.14981E+00
  0.21134E-01  0.15074E+00
  0.42502E-01  0.15356E+00
  0.64342E-01  0.15831E+00
  0.86897E-01  0.16510E+00
  0.11043E+00  0.17406E+00
  0.13520E+00  0.18536E+00
  0.16151E+00  0.19925E+00
  0.18967E+00  0.21602E+00
  0.22005E+00  0.23603E+00
  0.25305E+00  0.25975E+00
  0.28912E+00  0.28771E+00
  0.32882E+00  0.32059E+00
  0.37282E+00  0.35922E+00
  0.42196E+00  0.40459E+00
  0.47734E+00  0.45791E+00
  0.54046E+00  0.52065E+00
  0.61346E+00  0.59455E+00
  0.69956E+00  0.68165E+00
  0.80386E+00  0.78407E+00
  0.93416E+00  0.90415E+00
  0.11060E+01  0.10401E+01
  0.13344E+01  0.11930E+01
  0.16908E+01  0.13130E+01
  0.20686E+01  0.13420E+01
  0.25250E+01  0.10241E+01
  0.26688E+01  0.76638E+00
  0.27229E+01  0.42353E+00
  0.26439E+01  0.27225E+00
  0.25769E+01  0.19322E+00
  0.25148E+01  0.16054E+00
  0.24541E+01  0.15833E+00
  0.23859E+01  0.18204E+00
  0.22998E+01  0.23178E+00
  0.21829E+01  0.31031E+00
  0.20189E+01  0.42046E+00
  0.17880E+01  0.56120E+00
  0.14709E+01  0.72199E+00
  0.10568E+01  0.87849E+00
  0.55530E+00  0.99480E+00
  0.40500E-14  0.10380E+01
  0.74566E-13  0.12786E+00
  0.22883E-01  0.12867E+00
  0.46035E-01  0.13111E+00
  0.69728E-01  0.13523E+00
  0.94245E-01  0.14111E+00
  0.11988E+00  0.14888E+00
  0.14696E+00  0.15869E+00
  0.17583E+00  0.17075E+00
  0.20686E+00  0.18532E+00
  0.24049E+00  0.20273E+00
  0.27720E+00  0.22335E+00
  0.31756E+00  0.24767E+00
  0.36223E+00  0.27626E+00
  0.41201E+00  0.30977E+00
  0.46791E+00  0.34901E+00
  0.53117E+00  0.39486E+00
  0.60347E+00  0.44830E+00
  0.68706E+00  0.51033E+00
  0.78507E+00  0.58177E+00
  0.90194E+00  0.66290E+00
  0.10442E+01  0.75233E+00
  0.12201E+01  0.84578E+00
  0.14427E+01  0.92939E+00
  0.17061E+01  0.97713E+00
  0.20072E+01  0.93392E+00
  0.22547E+01  0.82042E+00
  0.24434E+01  0.61409E+00
  0.25171E+01  0.44398E+00
  0.25364E+01  0.31039E+00
  0.25222E+01  0.23601E+00
  0.24987E+01  0.20352E+00
  0.24689E+01  0.20586E+00
  0.24308E+01  0.24089E+00
  0.23781E+01  0.31171E+00
  0.22999E+01  0.42527E+00
  0.21785E+01  0.59053E+00
  0.19866E+01  0.81342E+00
  0.16880E+01  0.10853E+01
  0.12512E+01  0.13671E+01
  0.67024E+00  0.15889E+01
 -0.23030E-12  0.16723E+01
  0.10445E-12  0.10431E+00
  0.24365E-01  0.10498E+00
  0.49028E-01  0.10699E+00
  0.74294E-01  0.11039E+00
  0.10048E+00  0.11525E+00
  0.12791E+00  0.12167E+00
  0.15695E+00  0.12978E+00
  0.18800E+00  0.13976E+00
  0.22147E+00  0.15181E+00
  0.25787E+00  0.16622E+00
  0.29773E+00  0.18329E+00
  0.34172E+00  0.20341E+00
  0.39056E+00  0.22702E+00
  0.44515E+00  0.25464E+00
  0.50657E+00  0.28684E+00
  0.57611E+00  0.32422E+00
  0.65542E+00  0.36734E+00
  0.74656E+00  0.41659E+00
  0.85214E+00  0.47194E+00
  0.97547E+00  0.53248E+00
  0.11204E+01  0.59556E+00
  0.12912E+01  0.65528E+00
  0.14886E+01  0.70092E+00
  0.17094E+01  0.71505E+00
  0.19316E+01  0.68580E+00
  0.21359E+01  0.60339E+00
  0.22890E+01  0.49706E+00
  0.23919E+01  0.38348E+00
  0.24475E+01  0.29495E+00
  0.24754E+01  0.23745E+00
  0.24874E+01  0.21347E+00
  0.24912E+01  0.22189E+00
  0.24893E+01  0.26497E+00
  0.24801E+01  0.34953E+00
  0.24574E+01  0.48820E+00
  0.24058E+01  0.69995E+00
  0.22919E+01  0.10085E+01
  0.20510E+01  0.14274E+01
  0.15983E+01  0.19154E+01
  0.90177E+00  0.23284E+01
 -0.40337E-12  0.24987E+01
  0.48710E-13  0.79431E-01
  0.25550E-01  0.79944E-01
  0.51423E-01  0.81491E-01
  0.77947E-01  0.84105E-01
  0.10546E+00  0.87841E-01
  0.13434E+00  0.92776E-01
  0.16495E+00  0.99015E-01
  0.19774E+00  0.10669E+00
  0.23318E+00  0.11597E+00
  0.27179E+00  0.12706E+00
  0.31418E+00  0.14019E+00
  0.36105E+00  0.15566E+00
  0.41319E+00  0.17379E+00
  0.47153E+00  0.19494E+00
  0.53718E+00  0.21949E+00
  0.61139E+00  0.24781E+00
  0.69569E+00  0.28015E+00
  0.79179E+00  0.31653E+00
  0.90166E+00  0.35652E+00
  0.10274E+01  0.39882E+00
  0.11708E+01  0.44071E+00
  0.13327E+01  0.47746E+00
  0.15113E+01  0.50186E+00
  0.17000E+01  0.50589E+00
  0.18878E+01  0.48274E+00
  0.20585E+01  0.43473E+00
  0.22014E+01  0.36870E+00
  0.23095E+01  0.30118E+00
  0.23873E+01  0.24372E+00
  0.24420E+01  0.20589E+00
  0.24832E+01  0.19173E+00
  0.25185E+01  0.20446E+00
  0.25540E+01  0.24902E+00
  0.25938E+01  0.33495E+00
  0.26397E+01  0.47957E+00
  0.26874E+01  0.71239E+00
  0.27131E+01  0.10822E+01
  0.26362E+01  0.16689E+01
  0.22482E+01  0.25041E+01
  0.12819E+01  0.33768E+01
 -0.44933E-12  0.37138E+01
  0.47299E-13  0.53532E-01
  0.26414E-01  0.53879E-01
  0.53169E-01  0.54929E-01
  0.80611E-01  0.56702E-01
  0.10910E+00  0.59237E-01
  0.13903E+00  0.62586E-01
  0.17079E+00  0.66821E-01
  0.20486E+00  0.72032E-01
  0.24172E+00  0.78331E-01
  0.28195E+00  0.85857E-01
  0.32618E+00  0.94770E-01
  0.37514E+00  0.10526E+00
  0.42965E+00  0.11754E+00
  0.49067E+00  0.13183E+00
  0.55927E+00  0.14836E+00
  0.63666E+00  0.16733E+00
  0.72420E+00  0.18881E+00
  0.82328E+00  0.21268E+00
  0.93531E+00  0.23845E+00
  0.10614E+01  0.26502E+00
  0.12020E+01  0.29037E+00
  0.13565E+01  0.31140E+00
  0.15216E+01  0.32410E+00
  0.16920E+01  0.32436E+00
  0.18591E+01  0.31000E+00
  0.20139E+01  0.28167E+00
  0.21487E+01  0.24462E+00
  0.22602E+01  0.20558E+00
  0.23495E+01  0.17226E+00
  0.24219E+01  0.15021E+00
  0.24844E+01  0.14366E+00
  0.25454E+01  0.15631E+00
  0.26138E+01  0.19350E+00
  0.27000E+01  0.26470E+00
  0.28170E+01  0.38718E+00
  0.29799E+01  0.59514E+00
  0.32055E+01  0.94907E+00
  0.34723E+01  0.16017E+01
  0.35954E+01  0.29494E+01
  0.29130E+01  0.47656E+01
 -0.39864E-12  0.59666E+01
 -0.62819E-13  0.26941E-01
  0.26940E-01  0.27116E-01
  0.54232E-01  0.27646E-01
  0.82232E-01  0.28542E-01
  0.11132E+00  0.29823E-01
  0.14188E+00  0.31516E-01
  0.17435E+00  0.33656E-01
  0.20919E+00  0.36290E-01
  0.24693E+00  0.39474E-01
  0.28814E+00  0.43277E-01
  0.33348E+00  0.47781E-01
  0.38370E+00  0.53078E-01
  0.43964E+00  0.59272E-01
  0.50225E+00  0.66473E-01
  0.57259E+00  0.74782E-01
  0.65182E+00  0.84279E-01
  0.74116E+00  0.94977E-01
  0.84179E+00  0.10678E+00
  0.95473E+00  0.11937E+00
  0.10806E+01  0.13214E+00
  0.12190E+01  0.14406E+00
  0.13687E+01  0.15362E+00
  0.15262E+01  0.15905E+00
  0.16866E+01  0.15871E+00
  0.18435E+01  0.15174E+00
  0.19900E+01  0.13878E+00
  0.21210E+01  0.12184E+00
  0.22338E+01  0.10413E+00
  0.23293E+01  0.88873E-01
  0.24117E+01  0.78966E-01
  0.24873E+01  0.76743E-01
  0.25651E+01  0.84576E-01
  0.26563E+01  0.10583E+00
  0.27764E+01  0.14637E+00
  0.29482E+01  0.21764E+00
  0.32098E+01  0.34044E+00
  0.36223E+01  0.57608E+00
  0.43464E+01  0.95803E+00
  0.54119E+01  0.25898E+01
  0.89852E+01  0.86621E+01
 -0.79247E-13  0.11015E+02
  0.35527E-13  -0.42633E-13
  0.27117E-01  -0.19185E-12
  0.54588E-01  -0.92371E-13
  0.82776E-01  -0.42633E-13
  0.11206E+00  0.78160E-13
  0.14284E+00  -0.16342E-12
  0.17554E+00  -0.14211E-13
  0.21064E+00  0.21316E-13
  0.24867E+00  0.00000E+00
  0.29021E+00  -0.99476E-13
  0.33593E+00  0.92371E-13
  0.38657E+00  0.21316E-13
  0.44299E+00  0.13500E-12
  0.50612E+00  0.17053E-12
  0.57704E+00  0.49738E-13
  0.65687E+00  -0.15632E-12
  0.74678E+00  -0.18474E-12
  0.84789E+00  -0.17764E-12
  0.96108E+00  0.71054E-14
  0.10867E+01  -0.42633E-13
  0.12244E+01  -0.99476E-13
  0.13724E+01  0.42633E-13
  0.15275E+01  0.15632E-12
  0.16848E+01  0.12790E-12
  0.18385E+01  -0.99476E-13
  0.19825E+01  0.99476E-13
  0.21123E+01  0.56843E-13
  0.22255E+01  0.21316E-12
  0.23230E+01  -0.31264E-12
  0.24086E+01  0.15632E-12
  0.24887E+01  0.14211E-13
  0.25723E+01  0.85265E-13
  0.26717E+01  0.14211E-13
  0.28042E+01  0.85265E-13
  0.29968E+01  -0.85265E-13
  0.32961E+01  0.17053E-12
  0.37941E+01  0.11369E-12
  0.46840E+01  0.39790E-12
  0.66130E+01  -0.56843E-13
  0.11338E+02  0.17053E-12
  0.50449E-12  0.31646E-12
