  vx           vy
  0.26151E-14  -0.31974E-13
  0.11146E+02  0.35527E-14
  0.62414E+01  0.49738E-13
  0.41573E+01  0.11369E-12
  0.31472E+01  0.10481E-12
  0.25694E+01  -0.37303E-13
  0.22307E+01  0.10658E-13
  0.20317E+01  -0.16342E-12
  0.19168E+01  -0.17231E-12
  0.18499E+01  -0.42633E-13
  0.18073E+01  0.74607E-13
  0.17730E+01  -0.62172E-13
  0.17347E+01  0.10658E-13
  0.16818E+01  0.00000E+00
  0.16063E+01  0.69278E-13
  0.15067E+01  0.71942E-13
  0.13872E+01  -0.22204E-13
  0.12608E+01  0.15099E-13
  0.11398E+01  0.53291E-14
  0.10344E+01  0.20428E-13
  0.95016E+00  0.10658E-13
  0.88839E+00  -0.58620E-13
  0.84848E+00  -0.24869E-13
  0.82808E+00  -0.29310E-13
  0.82298E+00  0.57732E-13
  0.82787E+00  0.25757E-13
  0.83653E+00  -0.53291E-14
  0.84472E+00  0.20428E-13
  0.84972E+00  -0.33751E-13
  0.85051E+00  -0.15099E-13
  0.84620E+00  0.51514E-13
  0.83490E+00  -0.20428E-13
  0.81299E+00  -0.22204E-13
  0.77521E+00  -0.16875E-13
  0.71606E+00  0.39968E-14
  0.63296E+00  0.75495E-14
  0.52685E+00  -0.25313E-13
  0.40436E+00  -0.44409E-13
  0.27232E+00  0.66613E-14
  0.13659E+00  -0.88818E-14
  0.44433E-13  -0.11861E-13
 -0.20954E-12  0.11213E+02
  0.58335E+01  0.59006E+01
  0.52882E+01  0.22098E+01
  0.37469E+01  0.11801E+01
  0.29551E+01  0.67167E+00
  0.24604E+01  0.40025E+00
  0.21639E+01  0.23632E+00
  0.19919E+01  0.13569E+00
  0.18942E+01  0.77204E-01
  0.18385E+01  0.45735E-01
  0.18036E+01  0.31959E-01
  0.17752E+01  0.30782E-01
  0.17422E+01  0.40594E-01
  0.16933E+01  0.61081E-01
  0.16208E+01  0.87850E-01
  0.15152E+01  0.11552E+00
  0.13926E+01  0.12947E+00
  0.12570E+01  0.13068E+00
  0.11314E+01  0.11665E+00
  0.10235E+01  0.96141E-01
  0.93867E+00  0.72989E-01
  0.87731E+00  0.50081E-01
  0.83856E+00  0.28562E-01
  0.81999E+00  0.10231E-01
  0.81849E+00  -0.32825E-02
  0.82548E+00  -0.93642E-02
  0.83745E+00  -0.10402E-01
  0.84639E+00  -0.71216E-02
  0.85185E+00  -0.31476E-02
  0.85293E+00  0.12470E-02
  0.84948E+00  0.64845E-02
  0.83999E+00  0.14254E-01
  0.82086E+00  0.26717E-01
  0.78595E+00  0.45862E-01
  0.72952E+00  0.70347E-01
  0.64357E+00  0.97491E-01
  0.53631E+00  0.11780E+00
  0.40846E+00  0.13130E+00
  0.27384E+00  0.13581E+00
  0.13678E+00  0.13674E+00
  0.18586E-13  0.13660E+00
 -0.20927E-12  0.63751E+01
  0.21430E+01  0.54227E+01
  0.31210E+01  0.32565E+01
  0.28756E+01  0.18950E+01
  0.24631E+01  0.11634E+01
  0.21606E+01  0.70693E+00
  0.19815E+01  0.41085E+00
  0.18809E+01  0.23182E+00
  0.18325E+01  0.12823E+00
  0.18082E+01  0.75024E-01
  0.17939E+01  0.52271E-01
  0.17819E+01  0.50907E-01
  0.17652E+01  0.70111E-01
  0.17326E+01  0.11255E+00
  0.16604E+01  0.17935E+00
  0.15631E+01  0.23693E+00
  0.13969E+01  0.28293E+00
  0.12466E+01  0.27249E+00
  0.11024E+01  0.24110E+00
  0.98890E+00  0.19357E+00
  0.90338E+00  0.14560E+00
  0.84346E+00  0.98828E-01
  0.80754E+00  0.54497E-01
  0.79591E+00  0.14569E-01
  0.80073E+00  -0.12518E-01
  0.82470E+00  -0.27411E-01
  0.83899E+00  -0.22704E-01
  0.85287E+00  -0.15494E-01
  0.85820E+00  -0.59821E-02
  0.85956E+00  0.17615E-02
  0.85828E+00  0.10654E-01
  0.85404E+00  0.23787E-01
  0.84386E+00  0.46352E-01
  0.82058E+00  0.84055E-01
  0.76720E+00  0.14077E+00
  0.69022E+00  0.19655E+00
  0.55751E+00  0.24966E+00
  0.42162E+00  0.26914E+00
  0.27594E+00  0.27611E+00
  0.13615E+00  0.27362E+00
  0.14944E-13  0.27239E+00
 -0.94739E-14  0.43559E+01
  0.11157E+01  0.39475E+01
  0.17616E+01  0.30825E+01
  0.19345E+01  0.21451E+01
  0.18406E+01  0.14129E+01
  0.17695E+01  0.84925E+00
  0.17023E+01  0.48408E+00
  0.17233E+01  0.24808E+00
  0.17501E+01  0.13301E+00
  0.17694E+01  0.76258E-01
  0.17820E+01  0.52896E-01
  0.17919E+01  0.52722E-01
  0.18022E+01  0.74326E-01
  0.18051E+01  0.13901E+00
  0.17798E+01  0.25124E+00
  0.15669E+01  0.42952E+00
  0.14558E+01  0.45325E+00
  0.12052E+01  0.46010E+00
  0.10428E+01  0.37054E+00
  0.92560E+00  0.29162E+00
  0.84333E+00  0.21600E+00
  0.78574E+00  0.14595E+00
  0.75272E+00  0.76491E-01
  0.74684E+00  0.10051E-01
  0.78588E+00  -0.47604E-01
  0.79914E+00  -0.49847E-01
  0.85756E+00  -0.48736E-01
  0.86628E+00  -0.19698E-01
  0.86817E+00  -0.75584E-02
  0.86826E+00  0.15254E-02
  0.86969E+00  0.10780E-01
  0.87276E+00  0.24983E-01
  0.87834E+00  0.49423E-01
  0.88073E+00  0.10255E+00
  0.86407E+00  0.19266E+00
  0.71900E+00  0.33654E+00
  0.62728E+00  0.38988E+00
  0.42932E+00  0.43574E+00
  0.27182E+00  0.41913E+00
  0.13111E+00  0.40907E+00
  0.39537E-13  0.40458E+00
 -0.24940E-13  0.34061E+01
  0.61321E+00  0.32186E+01
  0.10430E+01  0.27367E+01
  0.12093E+01  0.21481E+01
  0.11883E+01  0.14877E+01
  0.10229E+01  0.91095E+00
  0.13777E+01  0.33999E+00
  0.15702E+01  0.16482E+00
  0.16789E+01  0.84394E-01
  0.17367E+01  0.47813E-01
  0.17726E+01  0.33103E-01
  0.18021E+01  0.32955E-01
  0.18371E+01  0.51453E-01
  0.19030E+01  0.82865E-01
  0.19795E+01  0.32444E+00
  0.23007E+01  0.48334E+00
  0.13403E+01  0.92326E+00
  0.11080E+01  0.63359E+00
  0.93032E+00  0.50329E+00
  0.83274E+00  0.38064E+00
  0.75908E+00  0.28187E+00
  0.70608E+00  0.19069E+00
  0.66905E+00  0.10335E+00
  0.66560E+00  -0.10566E-01
  0.68839E+00  -0.96746E-01
  0.97398E+00  -0.18633E+00
  0.89445E+00  -0.38870E-01
  0.88719E+00  -0.16537E-01
  0.87732E+00  -0.51924E-02
  0.87590E+00  0.75171E-03
  0.87926E+00  0.68045E-02
  0.88936E+00  0.15686E-01
  0.90990E+00  0.34303E-01
  0.95656E+00  0.62158E-01
  0.10183E+01  0.23286E+00
  0.12427E+01  0.37273E+00
  0.61096E+00  0.71970E+00
  0.41501E+00  0.59753E+00
  0.24537E+00  0.56386E+00
  0.11905E+00  0.53556E+00
 -0.52160E-13  0.52737E+00
  0.93745E-13  0.28808E+01
  0.35257E+00  0.27767E+01
  0.60688E+00  0.24994E+01
  0.70221E+00  0.21219E+01
  0.61768E+00  0.16314E+01
  0.53972E-05  0.22548E-04
  0.11830E-04  0.23799E-04
  0.15127E-04  0.22792E-04
  0.16500E-04  0.21611E-04
  0.17244E-04  0.20532E-04
  0.17689E-04  0.19735E-04
  0.18084E-04  0.19300E-04
  0.18438E-04  0.19848E-04
  0.20031E-04  0.19687E-04
  0.17776E-04  0.36458E-04
  0.59746E-04  0.26485E+01
  0.12181E+01  0.10453E+01
  0.83667E+00  0.82279E+00
  0.78445E+00  0.59361E+00
  0.71160E+00  0.45354E+00
  0.65788E+00  0.33786E+00
  0.60912E+00  0.23713E+00
  0.56870E+00  0.12986E+00
  0.51849E+00  0.40621E-01
  0.58008E+00  -0.36605E+00
  0.22339E-04  -0.15525E-04
  0.79748E-05  -0.22690E-05
  0.91799E-05  0.51211E-06
  0.87823E-05  0.31899E-05
  0.87983E-05  0.51670E-05
  0.88290E-05  0.69889E-05
  0.89726E-05  0.87724E-05
  0.91828E-05  0.10960E-04
  0.10230E-04  0.12578E-04
  0.92069E-05  0.23972E-04
  0.35025E-04  0.17505E+01
  0.59841E+00  0.85986E+00
  0.29950E+00  0.77430E+00
  0.20357E+00  0.68194E+00
  0.96910E-01  0.64611E+00
  0.37362E-13  0.63407E+00
  0.64028E-13  0.25836E+01
  0.20057E+00  0.25231E+01
  0.34244E+00  0.23582E+01
  0.37985E+00  0.21255E+01
  0.26045E+00  0.18756E+01
  0.15368E-04  0.16327E-04
  0.12910E-04  0.20797E-04
  0.14543E-04  0.21207E-04
  0.15613E-04  0.20689E-04
  0.16400E-04  0.19923E-04
  0.17092E-04  0.19196E-04
  0.17867E-04  0.18729E-04
  0.19180E-04  0.18449E-04
  0.20827E-04  0.19726E-04
  0.28858E-04  0.18582E-04
  0.31858E-04  0.14125E+01
  0.41479E+00  0.12374E+01
  0.62082E+00  0.83071E+00
  0.60109E+00  0.64471E+00
  0.58390E+00  0.49652E+00
  0.54948E+00  0.38255E+00
  0.50873E+00  0.28112E+00
  0.45642E+00  0.18393E+00
  0.39804E+00  0.62008E-01
  0.24414E+00  -0.86626E-01
  0.16284E-04  -0.83873E-06
  0.14402E-04  -0.19813E-05
  0.11521E-04  0.14007E-05
  0.10971E-04  0.34082E-05
  0.10609E-04  0.52616E-05
  0.10562E-04  0.69131E-05
  0.10742E-04  0.85587E-05
  0.11363E-04  0.10163E-04
  0.12254E-04  0.12552E-04
  0.17020E-04  0.13104E-04
  0.18067E-04  0.11433E+01
  0.16167E+00  0.10534E+01
  0.21162E+00  0.84480E+00
  0.13848E+00  0.77301E+00
  0.72245E-01  0.73047E+00
 -0.34193E-13  0.71827E+00
  0.63357E-13  0.24152E+01
  0.11157E+00  0.23800E+01
  0.18709E+00  0.22844E+01
  0.19669E+00  0.21542E+01
  0.12722E+00  0.20366E+01
  0.15175E-04  0.20109E-04
  0.14506E-04  0.20008E-04
  0.14439E-04  0.20336E-04
  0.15020E-04  0.19935E-04
  0.15656E-04  0.19245E-04
  0.16389E-04  0.18459E-04
  0.17368E-04  0.17675E-04
  0.18752E-04  0.17005E-04
  0.21308E-04  0.16088E-04
  0.24119E-04  0.14455E-04
  0.27911E-04  0.10076E+01
  0.23661E+00  0.93487E+00
  0.38435E+00  0.79115E+00
  0.45230E+00  0.63358E+00
  0.46261E+00  0.51394E+00
  0.44891E+00  0.41325E+00
  0.41525E+00  0.32531E+00
  0.36323E+00  0.24121E+00
  0.28079E+00  0.15591E+00
  0.15987E+00  0.76436E-01
  0.16996E-04  0.29623E-06
  0.15061E-04  0.12559E-05
  0.13712E-04  0.23732E-05
  0.12681E-04  0.40197E-05
  0.12210E-04  0.54942E-05
  0.12054E-04  0.68887E-05
  0.12235E-04  0.81991E-05
  0.12770E-04  0.94878E-05
  0.14051E-04  0.10514E-04
  0.15378E-04  0.11003E-04
  0.17134E-04  0.98041E+00
  0.75423E-01  0.94551E+00
  0.10273E+00  0.88242E+00
  0.89137E-01  0.82085E+00
  0.47895E-01  0.78980E+00
  0.15984E-13  0.77946E+00
  0.96061E-13  0.23217E+01
  0.60596E-01  0.23018E+01
  0.99960E-01  0.22483E+01
  0.10248E+00  0.21789E+01
  0.64653E-01  0.21200E+01
  0.14838E-04  0.20940E-04
  0.14274E-04  0.20490E-04
  0.14184E-04  0.20033E-04
  0.14393E-04  0.19455E-04
  0.14841E-04  0.18646E-04
  0.15486E-04  0.17676E-04
  0.16393E-04  0.16588E-04
  0.17707E-04  0.15325E-04
  0.19415E-04  0.13709E-04
  0.21556E-04  0.11233E-04
  0.23286E-04  0.79928E+00
  0.15023E+00  0.76836E+00
  0.26791E+00  0.68948E+00
  0.33700E+00  0.59761E+00
  0.36662E+00  0.50936E+00
  0.36550E+00  0.43251E+00
  0.34028E+00  0.36464E+00
  0.29138E+00  0.30339E+00
  0.21741E+00  0.24862E+00
  0.11715E+00  0.20850E+00
  0.17279E-04  0.19560E-05
  0.16080E-04  0.25761E-05
  0.14904E-04  0.35910E-05
  0.14038E-04  0.47016E-05
  0.13478E-04  0.58468E-05
  0.13249E-04  0.69211E-05
  0.13332E-04  0.79123E-05
  0.13761E-04  0.87691E-05
  0.14459E-04  0.93838E-05
  0.15380E-04  0.94718E-05
  0.15945E-04  0.91592E+00
  0.37750E-01  0.90384E+00
  0.58204E-01  0.87463E+00
  0.53606E-01  0.84654E+00
  0.31364E-01  0.82735E+00
 -0.75560E-14  0.82109E+00
  0.10447E-12  0.22711E+01
  0.32200E-01  0.22599E+01
  0.52652E-01  0.22307E+01
  0.53361E-01  0.21937E+01
  0.33336E-01  0.21632E+01
  0.13994E-04  0.21524E-04
  0.13695E-04  0.20741E-04
  0.13537E-04  0.20031E-04
  0.13590E-04  0.19202E-04
  0.13845E-04  0.18198E-04
  0.14323E-04  0.17004E-04
  0.15055E-04  0.15615E-04
  0.16064E-04  0.13985E-04
  0.17345E-04  0.11996E-04
  0.18717E-04  0.95623E-05
  0.20011E-04  0.66183E+00
  0.10905E+00  0.64584E+00
  0.20035E+00  0.60439E+00
  0.26429E+00  0.54947E+00
  0.29845E+00  0.49348E+00
  0.30550E+00  0.44228E+00
  0.28758E+00  0.39799E+00
  0.24580E+00  0.36063E+00
  0.18091E+00  0.33089E+00
  0.96394E-01  0.31080E+00
  0.17882E-04  0.30327E-05
  0.16854E-04  0.37553E-05
  0.15863E-04  0.45666E-05
  0.15025E-04  0.54301E-05
  0.14437E-04  0.62659E-05
  0.14129E-04  0.70405E-05
  0.14110E-04  0.77257E-05
  0.14354E-04  0.82893E-05
  0.14811E-04  0.86699E-05
  0.15314E-04  0.88437E-05
  0.15721E-04  0.88026E+00
  0.24721E-01  0.87658E+00
  0.38938E-01  0.86805E+00
  0.37895E-01  0.85870E+00
  0.22837E-01  0.85242E+00
  0.43061E-13  0.85022E+00
 -0.20787E-13  0.22444E+01
  0.16473E-01  0.22381E+01
  0.26976E-01  0.22218E+01
  0.27313E-01  0.22017E+01
  0.17127E-01  0.21856E+01
  0.13128E-04  0.21793E-04
  0.12902E-04  0.20995E-04
  0.12697E-04  0.20146E-04
  0.12579E-04  0.19150E-04
  0.12637E-04  0.17939E-04
  0.12909E-04  0.16513E-04
  0.13415E-04  0.14867E-04
  0.14152E-04  0.12980E-04
  0.15070E-04  0.10814E-04
  0.16082E-04  0.83381E-05
  0.17039E-04  0.55999E+00
  0.87180E-01  0.55200E+00
  0.16365E+00  0.53052E+00
  0.22163E+00  0.50155E+00
  0.25745E+00  0.47135E+00
  0.26989E+00  0.44482E+00
  0.25871E+00  0.42449E+00
  0.22373E+00  0.41098E+00
  0.16570E+00  0.40347E+00
  0.88528E-01  0.40015E+00
  0.18592E-04  0.39925E-05
  0.17619E-04  0.47838E-05
  0.16633E-04  0.55221E-05
  0.15759E-04  0.61827E-05
  0.15106E-04  0.67546E-05
  0.14720E-04  0.72452E-05
  0.14605E-04  0.76554E-05
  0.14735E-04  0.79806E-05
  0.15045E-04  0.82197E-05
  0.15434E-04  0.83866E-05
  0.15759E-04  0.85347E+00
  0.23403E-01  0.85553E+00
  0.37430E-01  0.86089E+00
  0.36930E-01  0.86758E+00
  0.22577E-01  0.87301E+00
 -0.13285E-13  0.87508E+00
  0.12911E-12  0.22316E+01
  0.72058E-02  0.22274E+01
  0.12276E-01  0.22170E+01
  0.13348E-01  0.22053E+01
  0.83994E-02  0.21969E+01
  0.12311E-04  0.21958E-04
  0.12146E-04  0.21269E-04
  0.11736E-04  0.20457E-04
  0.11392E-04  0.19315E-04
  0.11206E-04  0.17899E-04
  0.11254E-04  0.16233E-04
  0.11539E-04  0.14353E-04
  0.12037E-04  0.12260E-04
  0.12705E-04  0.99461E-05
  0.13478E-04  0.74269E-05
  0.14280E-04  0.47542E+00
  0.77080E-01  0.47242E+00
  0.14642E+00  0.46445E+00
  0.20196E+00  0.45414E+00
  0.23988E+00  0.44503E+00
  0.25784E+00  0.44068E+00
  0.25381E+00  0.44378E+00
  0.22534E+00  0.45511E+00
  0.17119E+00  0.47176E+00
  0.92662E-01  0.48744E+00
  0.19452E-04  0.49509E-05
  0.18431E-04  0.58602E-05
  0.17263E-04  0.65724E-05
  0.16259E-04  0.70221E-05
  0.15498E-04  0.73241E-05
  0.15032E-04  0.75275E-05
  0.14849E-04  0.76700E-05
  0.14921E-04  0.77648E-05
  0.15198E-04  0.78445E-05
  0.15610E-04  0.79678E-05
  0.16006E-04  0.82220E+00
  0.32596E-01  0.83078E+00
  0.52178E-01  0.85230E+00
  0.51133E-01  0.87778E+00
  0.31164E-01  0.89734E+00
  0.23465E-13  0.90459E+00
  0.50843E-13  0.22284E+01
 -0.14138E-03  0.22236E+01
  0.22726E-02  0.22132E+01
  0.44911E-02  0.22053E+01
  0.62899E-02  0.22016E+01
  0.12077E-04  0.21940E-04
  0.11396E-04  0.21876E-04
  0.10780E-04  0.21041E-04
  0.10006E-04  0.19795E-04
  0.95305E-05  0.18090E-04
  0.93568E-05  0.16162E-04
  0.94464E-05  0.14050E-04
  0.97480E-05  0.11763E-04
  0.10226E-04  0.92982E-05
  0.10850E-04  0.66770E-05
  0.11575E-04  0.39731E+00
  0.75307E-01  0.39826E+00
  0.14361E+00  0.40098E+00
  0.20029E+00  0.40551E+00
  0.24231E+00  0.41372E+00
  0.26763E+00  0.42867E+00
  0.27327E+00  0.45404E+00
  0.25413E+00  0.49229E+00
  0.20116E+00  0.54131E+00
  0.11534E+00  0.58435E+00
  0.20822E-04  0.59666E-05
  0.19179E-04  0.73045E-05
  0.17784E-04  0.78272E-05
  0.16474E-04  0.80315E-05
  0.15585E-04  0.79724E-05
  0.15057E-04  0.78685E-05
  0.14836E-04  0.77350E-05
  0.14887E-04  0.75784E-05
  0.15220E-04  0.74235E-05
  0.15750E-04  0.74252E-05
  0.16447E-04  0.77151E+00
  0.57763E-01  0.79125E+00
  0.89150E-01  0.84028E+00
  0.86245E-01  0.89459E+00
  0.51649E-01  0.93521E+00
  0.23074E-13  0.94977E+00
 -0.14022E-12  0.22366E+01
 -0.11321E-01  0.22269E+01
 -0.10403E-01  0.22065E+01
  0.52618E-02  0.21946E+01
 -0.76581E-03  0.22088E+01
  0.10968E-04  0.22671E-04
  0.11843E-04  0.22549E-04
  0.96183E-05  0.22501E-04
  0.83056E-05  0.20581E-04
  0.75302E-05  0.18505E-04
  0.72013E-05  0.16258E-04
  0.71443E-05  0.13919E-04
  0.72865E-05  0.11452E-04
  0.75947E-05  0.88227E-05
  0.81063E-05  0.60253E-05
  0.88592E-05  0.31703E+00
  0.80481E-01  0.32267E+00
  0.15338E+00  0.33596E+00
  0.21339E+00  0.35375E+00
  0.26125E+00  0.37568E+00
  0.29642E+00  0.40621E+00
  0.31680E+00  0.45035E+00
  0.31513E+00  0.51623E+00
  0.27727E+00  0.60900E+00
  0.15585E+00  0.71610E+00
  0.21519E-04  0.79869E-05
  0.20707E-04  0.89876E-05
  0.17855E-04  0.97650E-05
  0.16269E-04  0.91427E-05
  0.15304E-04  0.86681E-05
  0.14790E-04  0.82241E-05
  0.14558E-04  0.78333E-05
  0.14585E-04  0.74072E-05
  0.14920E-04  0.69214E-05
  0.15925E-04  0.64635E-05
  0.16881E-04  0.67532E+00
  0.10658E+00  0.72161E+00
  0.16883E+00  0.82195E+00
  0.15409E+00  0.92901E+00
  0.90073E-01  0.10005E+01
 -0.11712E-13  0.10261E+01
  0.85053E-14  0.22674E+01
 -0.37321E-01  0.22458E+01
 -0.41772E-01  0.21890E+01
 -0.13079E-02  0.21578E+01
  0.11155E+00  0.21858E+01
  0.24236E-04  0.19394E-04
  0.10718E-04  0.28188E-04
  0.79153E-05  0.24215E-04
  0.59006E-05  0.21707E-04
  0.51508E-05  0.18999E-04
  0.47772E-05  0.16451E-04
  0.46566E-05  0.13908E-04
  0.46712E-05  0.11307E-04
  0.47937E-05  0.85425E-05
  0.50318E-05  0.54741E-05
  0.56354E-05  0.22291E+00
  0.10068E+00  0.23732E+00
  0.17574E+00  0.26991E+00
  0.23846E+00  0.29791E+00
  0.29234E+00  0.32962E+00
  0.33959E+00  0.36978E+00
  0.37901E+00  0.42748E+00
  0.41124E+00  0.50699E+00
  0.41114E+00  0.65638E+00
  0.38114E+00  0.87559E+00
  0.32858E-04  0.79418E-05
  0.19697E-04  0.15018E-04
  0.17133E-04  0.11492E-04
  0.15330E-04  0.10310E-04
  0.14648E-04  0.92499E-05
  0.14249E-04  0.85399E-05
  0.14061E-04  0.79378E-05
  0.13974E-04  0.73807E-05
  0.14189E-04  0.63743E-05
  0.14601E-04  0.52159E-05
  0.18534E-04  0.46170E+00
  0.27093E+00  0.57316E+00
  0.31935E+00  0.82411E+00
  0.27413E+00  0.99618E+00
  0.15341E+00  0.11154E+01
  0.11655E-14  0.11561E+01
 -0.13528E-12  0.23497E+01
 -0.10114E+00  0.23005E+01
 -0.13324E+00  0.21824E+01
 -0.36808E-01  0.19890E+01
  0.78379E-01  0.22932E+01
  0.18462E+01  0.51802E-04
  0.70000E+00  0.30617E-04
  0.39532E+00  0.26702E-04
  0.28375E+00  0.22501E-04
  0.23567E+00  0.19422E-04
  0.21442E+00  0.16620E-04
  0.20404E+00  0.13966E-04
  0.19727E+00  0.11293E-04
  0.18919E+00  0.85671E-05
  0.17217E+00  0.50808E-05
  0.10879E+00  0.68702E-01
  0.13795E+00  0.16491E+00
  0.21111E+00  0.20422E+00
  0.27080E+00  0.23959E+00
  0.33012E+00  0.27491E+00
  0.38918E+00  0.31848E+00
  0.45159E+00  0.37562E+00
  0.51497E+00  0.47122E+00
  0.62454E+00  0.54526E+00
  0.59436E+00  0.12407E+01
  0.21754E+01  0.38632E-04
  0.15838E+01  0.15944E-04
  0.14375E+01  0.13427E-04
  0.13883E+01  0.10851E-04
  0.13662E+01  0.95955E-05
  0.13545E+01  0.87130E-05
  0.13442E+01  0.80764E-05
  0.13282E+01  0.73767E-05
  0.12948E+01  0.71016E-05
  0.12214E+01  0.13220E-05
  0.10059E+01  -0.20989E+00
  0.53565E+00  0.54862E+00
  0.58795E+00  0.85074E+00
  0.45302E+00  0.11295E+01
  0.25860E+00  0.13063E+01
  0.23940E-14  0.13735E+01
 -0.15145E-13  0.25350E+01
 -0.21459E+00  0.24357E+01
 -0.36518E+00  0.21934E+01
 -0.27349E+00  0.18821E+01
  0.13204E+00  0.14703E+01
  0.29564E+00  0.11179E+01
  0.51536E+00  0.31688E+00
  0.32438E+00  0.13351E+00
  0.25735E+00  0.55797E-01
  0.22439E+00  0.24939E-01
  0.20974E+00  0.11533E-01
  0.20247E+00  0.62507E-02
  0.19776E+00  0.53206E-02
  0.19254E+00  0.79438E-02
  0.18242E+00  0.20219E-01
  0.18328E+00  0.49834E-01
  0.20158E+00  0.10321E+00
  0.24754E+00  0.14697E+00
  0.30517E+00  0.17976E+00
  0.36765E+00  0.21293E+00
  0.43729E+00  0.25147E+00
  0.51641E+00  0.30330E+00
  0.61897E+00  0.36657E+00
  0.73566E+00  0.49211E+00
  0.10852E+01  0.53522E+00
  0.12501E+01  0.58806E+00
  0.14963E+01  0.14075E+00
  0.14041E+01  0.59574E-01
  0.13770E+01  0.24483E-01
  0.13620E+01  0.12055E-01
  0.13539E+01  0.79875E-02
  0.13467E+01  0.95937E-02
  0.13356E+01  0.17480E-01
  0.13121E+01  0.39776E-01
  0.12660E+01  0.75727E-01
  0.11440E+01  0.23673E+00
  0.10541E+01  0.51102E+00
  0.90969E+00  0.96193E+00
  0.76422E+00  0.13273E+01
  0.39966E+00  0.16337E+01
  0.12055E-13  0.17262E+01
  0.10482E-12  0.29509E+01
 -0.54817E+00  0.27819E+01
 -0.60369E+00  0.21980E+01
 -0.74423E+00  0.16985E+01
 -0.42459E+00  0.11209E+01
 -0.65694E-01  0.67434E+00
  0.10305E+00  0.39542E+00
  0.18886E+00  0.17031E+00
  0.19562E+00  0.77605E-01
  0.19836E+00  0.34747E-01
  0.19861E+00  0.16287E-01
  0.19872E+00  0.88346E-02
  0.19882E+00  0.73751E-02
  0.19927E+00  0.11017E-01
  0.20289E+00  0.21745E-01
  0.21368E+00  0.42454E-01
  0.23930E+00  0.67970E-01
  0.27992E+00  0.95108E-01
  0.33399E+00  0.12013E+00
  0.39904E+00  0.14501E+00
  0.47540E+00  0.17373E+00
  0.56725E+00  0.20872E+00
  0.67851E+00  0.25453E+00
  0.83499E+00  0.29891E+00
  0.10009E+01  0.32509E+00
  0.12000E+01  0.23715E+00
  0.12908E+01  0.17197E+00
  0.13474E+01  0.71850E-01
  0.13507E+01  0.34001E-01
  0.13524E+01  0.16707E-01
  0.13525E+01  0.11314E-01
  0.13526E+01  0.13479E-01
  0.13527E+01  0.25098E-01
  0.13540E+01  0.52676E-01
  0.13551E+01  0.12030E+00
  0.13795E+01  0.25896E+00
  0.14197E+01  0.56068E+00
  0.14460E+01  0.10280E+01
  0.10207E+01  0.17214E+01
  0.74176E+00  0.20846E+01
  0.74791E-14  0.23239E+01
 -0.11824E-12  0.36363E+01
 -0.77816E+00  0.33241E+01
 -0.27748E+01  0.29129E+01
 -0.14979E+01  0.10801E+01
 -0.84773E+00  0.63500E+00
 -0.36887E+00  0.38635E+00
 -0.82856E-01  0.21550E+00
  0.66471E-01  0.11373E+00
  0.14050E+00  0.52872E-01
  0.17278E+00  0.24464E-01
  0.18772E+00  0.11519E-01
  0.19497E+00  0.62956E-02
  0.19964E+00  0.52232E-02
  0.20496E+00  0.73887E-02
  0.21406E+00  0.13158E-01
  0.23095E+00  0.22411E-01
  0.25871E+00  0.34546E-01
  0.29940E+00  0.47399E-01
  0.35300E+00  0.60243E-01
  0.41942E+00  0.73518E-01
  0.49970E+00  0.88464E-01
  0.59606E+00  0.10638E+00
  0.71287E+00  0.12629E+00
  0.84779E+00  0.14326E+00
  0.99824E+00  0.14050E+00
  0.11302E+01  0.12351E+00
  0.12369E+01  0.79501E-01
  0.12965E+01  0.47193E-01
  0.13287E+01  0.22746E-01
  0.13431E+01  0.11805E-01
  0.13513E+01  0.80235E-02
  0.13585E+01  0.96231E-02
  0.13698E+01  0.17566E-01
  0.13926E+01  0.37522E-01
  0.14440E+01  0.80534E-01
  0.15511E+01  0.17819E+00
  0.17937E+01  0.33127E+00
  0.21536E+01  0.10348E+01
  0.31353E+01  0.17332E+01
  0.93392E+00  0.32528E+01
 -0.15445E-13  0.31741E+01
  0.19284E-13  0.42224E+01
 -0.11238E+01  0.54253E+01
 -0.10487E-03  0.13423E-03
 -0.11622E-04  0.11615E-03
 -0.11760E-04  0.14059E-03
 -0.43301E-05  0.14941E-03
 -0.15870E-05  0.15708E-03
  0.28988E-06  0.16235E-03
  0.11833E-05  0.16667E-03
  0.16299E-05  0.17037E-03
  0.18342E-05  0.17376E-03
  0.19358E-05  0.17698E-03
  0.20006E-05  0.18016E-03
  0.20692E-05  0.18343E-03
  0.21794E-05  0.18684E-03
  0.23607E-05  0.19043E-03
  0.26492E-05  0.19413E-03
  0.30566E-05  0.19785E-03
  0.35939E-05  0.20146E-03
  0.42635E-05  0.20485E-03
  0.50767E-05  0.20790E-03
  0.60553E-05  0.21050E-03
  0.72105E-05  0.21250E-03
  0.85345E-05  0.21368E-03
  0.98985E-05  0.21384E-03
  0.11181E-04  0.21278E-03
  0.12161E-04  0.21057E-03
  0.12829E-04  0.20726E-03
  0.13199E-04  0.20306E-03
  0.13395E-04  0.19805E-03
  0.13507E-04  0.19227E-03
  0.13607E-04  0.18573E-03
  0.13767E-04  0.17835E-03
  0.14068E-04  0.17005E-03
  0.14831E-04  0.16040E-03
  0.15882E-04  0.14995E-03
  0.20957E-04  0.13275E-03
  0.17834E-04  0.13784E-03
  0.10966E-03  0.64211E+01
  0.12204E+01  0.40075E+01
  0.17657E-13  0.38749E+01
 -0.38917E-13  0.46001E+01
  0.24183E+00  0.50498E+01
  0.34089E-04  0.38922E-04
 -0.37626E-05  0.12358E-03
  0.60206E-05  0.13390E-03
  0.44993E-05  0.14776E-03
  0.52909E-05  0.15565E-03
  0.53359E-05  0.16174E-03
  0.53301E-05  0.16640E-03
  0.52305E-05  0.17029E-03
  0.51463E-05  0.17372E-03
  0.51251E-05  0.17693E-03
  0.51983E-05  0.18007E-03
  0.53772E-05  0.18327E-03
  0.56418E-05  0.18662E-03
  0.59761E-05  0.19014E-03
  0.63267E-05  0.19378E-03
  0.66902E-05  0.19744E-03
  0.70543E-05  0.20098E-03
  0.74366E-05  0.20428E-03
  0.78510E-05  0.20724E-03
  0.83027E-05  0.20973E-03
  0.87751E-05  0.21163E-03
  0.92150E-05  0.21279E-03
  0.95401E-05  0.21303E-03
  0.96678E-05  0.21221E-03
  0.95400E-05  0.21028E-03
  0.91867E-05  0.20725E-03
  0.86618E-05  0.20322E-03
  0.80383E-05  0.19831E-03
  0.73595E-05  0.19258E-03
  0.66411E-05  0.18604E-03
  0.58769E-05  0.17864E-03
  0.50907E-05  0.17019E-03
  0.41698E-05  0.16059E-03
  0.37474E-05  0.14824E-03
  0.94085E-06  0.13659E-03
  0.96735E-05  0.10451E-03
 -0.25942E-04  0.53503E+01
 -0.19243E+00  0.49850E+01
  0.47629E-13  0.43395E+01
  0.15620E-13  0.41024E+01
  0.54386E+00  0.54371E+01
  0.55014E+01  0.13806E-03
  0.27187E+01  0.11485E-03
  0.18671E+01  0.13916E-03
  0.14617E+01  0.14840E-03
  0.12175E+01  0.15661E-03
  0.10593E+01  0.16234E-03
  0.95246E+00  0.16688E-03
  0.88133E+00  0.17062E-03
  0.83856E+00  0.17390E-03
  0.82130E+00  0.17694E-03
  0.82854E+00  0.17991E-03
  0.85842E+00  0.18296E-03
  0.90516E+00  0.18620E-03
  0.95584E+00  0.18972E-03
  0.10014E+01  0.19340E-03
  0.10324E+01  0.19714E-03
  0.10499E+01  0.20073E-03
  0.10576E+01  0.20407E-03
  0.10583E+01  0.20703E-03
  0.10523E+01  0.20954E-03
  0.10359E+01  0.21151E-03
  0.10015E+01  0.21282E-03
  0.93942E+00  0.21330E-03
  0.84204E+00  0.21279E-03
  0.71659E+00  0.21109E-03
  0.57120E+00  0.20823E-03
  0.42126E+00  0.20426E-03
  0.27280E+00  0.19937E-03
  0.12484E+00  0.19367E-03
 -0.28351E-01  0.18720E-03
 -0.19555E+00  0.17991E-03
 -0.38879E+00  0.17170E-03
 -0.62654E+00  0.16211E-03
 -0.94407E+00  0.15160E-03
 -0.14143E+01  0.13435E-03
 -0.23068E+01  0.13792E-03
 -0.50259E+01  0.63252E+01
 -0.47639E+00  0.40515E+01
  0.61206E-14  0.39333E+01
  0.67749E-14  0.33713E+01
  0.13293E+01  0.30780E+01
  0.17942E+01  0.27150E+01
  0.23164E+01  0.87226E+00
  0.17031E+01  0.46863E+00
  0.13918E+01  0.27537E+00
  0.11789E+01  0.18038E+00
  0.10353E+01  0.12291E+00
  0.93542E+00  0.84382E-01
  0.86763E+00  0.55041E-01
  0.82607E+00  0.29730E-01
  0.80893E+00  0.51444E-02
  0.81660E+00  -0.19811E-01
  0.85042E+00  -0.43209E-01
  0.89900E+00  -0.54478E-01
  0.96498E+00  -0.55800E-01
  0.10069E+01  -0.37498E-01
  0.10399E+01  -0.22823E-01
  0.10548E+01  -0.99818E-02
  0.10607E+01  -0.30707E-02
  0.10613E+01  0.21131E-02
  0.10570E+01  0.84961E-02
  0.10447E+01  0.20423E-01
  0.10162E+01  0.42864E-01
  0.95440E+00  0.79789E-01
  0.86567E+00  0.11407E+00
  0.72103E+00  0.14691E+00
  0.57403E+00  0.15190E+00
  0.41948E+00  0.15071E+00
  0.27199E+00  0.14594E+00
  0.12721E+00  0.14697E+00
 -0.21662E-01  0.15548E+00
 -0.18318E+00  0.17355E+00
 -0.36796E+00  0.20476E+00
 -0.59064E+00  0.25569E+00
 -0.87781E+00  0.35042E+00
 -0.12588E+01  0.49153E+00
 -0.19257E+01  0.11687E+01
 -0.15297E+01  0.18563E+01
 -0.11756E+01  0.33645E+01
 -0.10558E-12  0.32997E+01
  0.64384E-14  0.24822E+01
  0.67893E+00  0.23175E+01
  0.12693E+01  0.17337E+01
  0.13978E+01  0.12577E+01
  0.13838E+01  0.73662E+00
  0.12151E+01  0.48141E+00
  0.10786E+01  0.32687E+00
  0.96961E+00  0.22913E+00
  0.88779E+00  0.16021E+00
  0.82859E+00  0.10636E+00
  0.78991E+00  0.58730E-01
  0.77169E+00  0.11725E-01
  0.77847E+00  -0.40669E-01
  0.81581E+00  -0.93611E-01
  0.90689E+00  -0.13788E+00
  0.94829E+00  -0.10921E+00
  0.10455E+01  -0.87159E-01
  0.10632E+01  -0.35112E-01
  0.10679E+01  -0.15345E-01
  0.10682E+01  -0.45041E-02
  0.10684E+01  0.28282E-02
  0.10682E+01  0.12306E-01
  0.10678E+01  0.29023E-01
  0.10606E+01  0.70594E-01
  0.10309E+01  0.14414E+00
  0.87409E+00  0.26576E+00
  0.77189E+00  0.29687E+00
  0.56900E+00  0.32465E+00
  0.40979E+00  0.29821E+00
  0.26754E+00  0.28614E+00
  0.13354E+00  0.28597E+00
 -0.27852E-02  0.30160E+00
 -0.14857E+00  0.33483E+00
 -0.31086E+00  0.39050E+00
 -0.49714E+00  0.48002E+00
 -0.70994E+00  0.62144E+00
 -0.95469E+00  0.88295E+00
 -0.10563E+01  0.13065E+01
 -0.10237E+01  0.19574E+01
 -0.55537E+00  0.23050E+01
  0.30673E-13  0.25379E+01
 -0.16185E-13  0.18465E+01
  0.45791E+00  0.17415E+01
  0.79606E+00  0.14924E+01
  0.10054E+01  0.11314E+01
  0.10466E+01  0.82984E+00
  0.10139E+01  0.58812E+00
  0.94560E+00  0.42458E+00
  0.87758E+00  0.30868E+00
  0.81792E+00  0.22225E+00
  0.76969E+00  0.15184E+00
  0.73370E+00  0.88105E-01
  0.71215E+00  0.21703E-01
  0.70665E+00  -0.49715E-01
  0.74401E+00  -0.16387E+00
  0.81373E+00  -0.23627E+00
  0.12426E+01  -0.31738E+00
  0.11169E+01  -0.71284E-01
  0.10993E+01  -0.29909E-01
  0.10814E+01  -0.11093E-01
  0.10761E+01  -0.33572E-02
  0.10755E+01  0.20457E-02
  0.10801E+01  0.85410E-02
  0.10919E+01  0.23013E-01
  0.11249E+01  0.44564E-01
  0.11658E+01  0.20266E+00
  0.13623E+01  0.31913E+00
  0.72786E+00  0.62960E+00
  0.53962E+00  0.48288E+00
  0.37783E+00  0.43990E+00
  0.25770E+00  0.41114E+00
  0.14211E+00  0.40987E+00
  0.25702E-01  0.43067E+00
 -0.97459E-01  0.47476E+00
 -0.23024E+00  0.54596E+00
 -0.37217E+00  0.65250E+00
 -0.51701E+00  0.81081E+00
 -0.63156E+00  0.10403E+01
 -0.67946E+00  0.13519E+01
 -0.57120E+00  0.16644E+01
 -0.34199E+00  0.19411E+01
 -0.12679E-12  0.20256E+01
  0.12368E-13  0.14497E+01
  0.30535E+00  0.13918E+01
  0.56134E+00  0.12319E+01
  0.72733E+00  0.10256E+01
  0.81174E+00  0.80851E+00
  0.82886E+00  0.62356E+00
  0.81033E+00  0.47538E+00
  0.77548E+00  0.36060E+00
  0.73645E+00  0.26899E+00
  0.69854E+00  0.19128E+00
  0.66438E+00  0.11860E+00
  0.63444E+00  0.43850E-01
  0.61473E+00  -0.52932E-01
  0.58369E+00  -0.13394E+00
  0.71011E+00  -0.64629E+00
  0.30026E-04  -0.23275E-04
  0.99913E-05  -0.61683E-05
  0.11444E-04  -0.31168E-05
  0.10834E-04  -0.14265E-06
  0.10806E-04  0.19154E-05
  0.10784E-04  0.37870E-05
  0.10865E-04  0.56315E-05
  0.10975E-04  0.79548E-05
  0.11886E-04  0.97919E-05
  0.10503E-04  0.22000E-04
  0.36581E-04  0.17039E+01
  0.68619E+00  0.74816E+00
  0.40854E+00  0.64477E+00
  0.33304E+00  0.54575E+00
  0.24051E+00  0.51352E+00
  0.15318E+00  0.51150E+00
  0.61221E-01  0.53737E+00
 -0.36150E-01  0.58877E+00
 -0.13862E+00  0.66732E+00
 -0.24218E+00  0.77723E+00
 -0.33591E+00  0.92414E+00
 -0.40150E+00  0.11108E+01
 -0.40855E+00  0.13231E+01
 -0.34244E+00  0.15343E+01
 -0.19394E+00  0.16845E+01
 -0.86317E-13  0.17434E+01
  0.27918E-13  0.11751E+01
  0.21964E+00  0.11395E+01
  0.40921E+00  0.10428E+01
  0.55088E+00  0.90575E+00
  0.63797E+00  0.75721E+00
  0.67956E+00  0.61576E+00
  0.68802E+00  0.49286E+00
  0.67629E+00  0.38949E+00
  0.65311E+00  0.30222E+00
  0.62361E+00  0.22535E+00
  0.58985E+00  0.15265E+00
  0.55239E+00  0.75727E-01
  0.50492E+00  -0.10396E-01
  0.45501E+00  -0.14033E+00
  0.28431E+00  -0.31480E+00
  0.19982E-04  -0.28757E-05
  0.17842E-04  -0.56529E-05
  0.13902E-04  -0.18592E-05
  0.13158E-04  0.17723E-06
  0.12661E-04  0.20735E-05
  0.12567E-04  0.37493E-05
  0.12733E-04  0.54579E-05
  0.13362E-04  0.72022E-05
  0.14274E-04  0.98792E-05
  0.19177E-04  0.10973E-04
  0.20701E-04  0.10022E+01
  0.21902E+00  0.90585E+00
  0.31312E+00  0.68597E+00
  0.26978E+00  0.61551E+00
  0.22593E+00  0.58268E+00
  0.16811E+00  0.58714E+00
  0.10288E+00  0.61911E+00
  0.31043E-01  0.67632E+00
 -0.44551E-01  0.75798E+00
 -0.11875E+00  0.86440E+00
 -0.18286E+00  0.99510E+00
 -0.22402E+00  0.11452E+01
 -0.22948E+00  0.13028E+01
 -0.18924E+00  0.14445E+01
 -0.10779E+00  0.15457E+01
 -0.38868E-13  0.15815E+01
  0.18175E-13  0.97691E+00
  0.16476E+00  0.95421E+00
  0.31228E+00  0.89084E+00
  0.42978E+00  0.79922E+00
  0.51258E+00  0.69375E+00
  0.56227E+00  0.58782E+00
  0.58498E+00  0.48944E+00
  0.58749E+00  0.40198E+00
  0.57544E+00  0.32486E+00
  0.55228E+00  0.25533E+00
  0.51929E+00  0.18919E+00
  0.47484E+00  0.12177E+00
  0.41551E+00  0.46453E-01
  0.32318E+00  -0.40926E-01
  0.18573E+00  -0.13052E+00
  0.20210E-04  -0.18983E-05
  0.17820E-04  -0.13317E-05
  0.16148E-04  -0.58945E-06
  0.14831E-04  0.97061E-06
  0.14254E-04  0.23693E-05
  0.14076E-04  0.37296E-05
  0.14308E-04  0.50583E-05
  0.14954E-04  0.64497E-05
  0.16425E-04  0.77002E-05
  0.18069E-04  0.85509E-05
  0.20292E-04  0.77996E+00
  0.12942E+00  0.74500E+00
  0.20454E+00  0.68484E+00
  0.23025E+00  0.63283E+00
  0.21909E+00  0.62006E+00
  0.19143E+00  0.63539E+00
  0.15124E+00  0.67628E+00
  0.10262E+00  0.73969E+00
  0.49114E-01  0.82376E+00
 -0.44591E-02  0.92644E+00
 -0.51634E-01  0.10442E+01
 -0.84834E-01  0.11705E+01
 -0.96778E-01  0.12942E+01
 -0.84059E-01  0.14005E+01
 -0.48689E-01  0.14726E+01
 -0.43595E-13  0.14983E+01
  0.52752E-13  0.82636E+00
  0.12889E+00  0.81124E+00
  0.24691E+00  0.76861E+00
  0.34577E+00  0.70518E+00
  0.42102E+00  0.62982E+00
  0.47225E+00  0.55077E+00
  0.50169E+00  0.47424E+00
  0.51270E+00  0.40357E+00
  0.50828E+00  0.33966E+00
  0.49030E+00  0.28158E+00
  0.45896E+00  0.22727E+00
  0.41270E+00  0.17407E+00
  0.34710E+00  0.11991E+00
  0.25699E+00  0.65935E-01
  0.13807E+00  0.23801E-01
  0.19899E-04  0.10679E-06
  0.18484E-04  0.24988E-06
  0.17065E-04  0.93324E-06
  0.16045E-04  0.17876E-05
  0.15420E-04  0.27591E-05
  0.15224E-04  0.37138E-05
  0.15428E-04  0.46498E-05
  0.16065E-04  0.55327E-05
  0.17068E-04  0.62724E-05
  0.18405E-04  0.65871E-05
  0.19501E-04  0.65833E+00
  0.95435E-01  0.64911E+00
  0.17000E+00  0.62934E+00
  0.21306E+00  0.61922E+00
  0.22985E+00  0.62771E+00
  0.22630E+00  0.65889E+00
  0.20821E+00  0.71106E+00
  0.17935E+00  0.78240E+00
  0.14331E+00  0.87060E+00
  0.10388E+00  0.97256E+00
  0.65430E-01  0.10837E+01
  0.32551E-01  0.11970E+01
  0.91158E-02  0.13031E+01
 -0.28727E-02  0.13907E+01
 -0.45369E-02  0.14488E+01
 -0.67160E-13  0.14691E+01
  0.48044E-13  0.70733E+00
  0.10451E+00  0.69700E+00
  0.20190E+00  0.66756E+00
  0.28634E+00  0.62305E+00
  0.35424E+00  0.56885E+00
  0.40423E+00  0.51050E+00
  0.43674E+00  0.45252E+00
  0.45300E+00  0.39796E+00
  0.45429E+00  0.34834E+00
  0.44117E+00  0.30395E+00
  0.41316E+00  0.26418E+00
  0.36856E+00  0.22807E+00
  0.30493E+00  0.19504E+00
  0.22023E+00  0.16647E+00
  0.11624E+00  0.14588E+00
  0.20054E-04  0.13765E-05
  0.18835E-04  0.16562E-05
  0.17698E-04  0.20659E-05
  0.16774E-04  0.25981E-05
  0.16186E-04  0.31618E-05
  0.15970E-04  0.37239E-05
  0.16142E-04  0.42606E-05
  0.16682E-04  0.47525E-05
  0.17540E-04  0.51513E-05
  0.18554E-04  0.54385E-05
  0.19571E-04  0.56039E+00
  0.90073E-01  0.56111E+00
  0.16724E+00  0.56647E+00
  0.22427E+00  0.58192E+00
  0.25951E+00  0.61287E+00
  0.27559E+00  0.66112E+00
  0.27582E+00  0.72664E+00
  0.26339E+00  0.80808E+00
  0.24104E+00  0.90329E+00
  0.21134E+00  0.10090E+01
  0.17681E+00  0.11202E+01
  0.13993E+00  0.12302E+01
  0.10284E+00  0.13303E+01
  0.67013E-01  0.14112E+01
  0.32917E-01  0.14640E+01
  0.17749E-12  0.14823E+01
 -0.35683E-13  0.60970E+00
  0.87654E-01  0.60253E+00
  0.17041E+00  0.58198E+00
  0.24409E+00  0.55056E+00
  0.30579E+00  0.51178E+00
  0.35393E+00  0.46945E+00
  0.38799E+00  0.42698E+00
  0.40811E+00  0.38708E+00
  0.41441E+00  0.35159E+00
  0.40661E+00  0.32158E+00
  0.38364E+00  0.29750E+00
  0.34360E+00  0.27937E+00
  0.28436E+00  0.26675E+00
  0.20492E+00  0.25891E+00
  0.10783E+00  0.25480E+00
  0.20289E-04  0.25354E-05
  0.19154E-04  0.28354E-05
  0.18067E-04  0.31185E-05
  0.17164E-04  0.33684E-05
  0.16565E-04  0.35788E-05
  0.16329E-04  0.37569E-05
  0.16473E-04  0.39112E-05
  0.16979E-04  0.40516E-05
  0.17786E-04  0.41947E-05
  0.18781E-04  0.43693E-05
  0.19819E-04  0.46281E+00
  0.98814E-01  0.47013E+00
  0.18704E+00  0.49207E+00
  0.25778E+00  0.52871E+00
  0.30859E+00  0.58002E+00
  0.34054E+00  0.64593E+00
  0.35601E+00  0.72610E+00
  0.35730E+00  0.81973E+00
  0.34614E+00  0.92513E+00
  0.32362E+00  0.10393E+01
  0.29048E+00  0.11575E+01
  0.24734E+00  0.12729E+01
  0.19503E+00  0.13770E+01
  0.13490E+00  0.14605E+01
  0.68999E-01  0.15148E+01
 -0.22571E-12  0.15336E+01
  0.12002E-13  0.52686E+00
  0.75896E-01  0.52187E+00
  0.14831E+00  0.50752E+00
  0.21420E+00  0.48548E+00
  0.27121E+00  0.45817E+00
  0.31783E+00  0.42832E+00
  0.35321E+00  0.39865E+00
  0.37689E+00  0.37160E+00
  0.38843E+00  0.34920E+00
  0.38700E+00  0.33315E+00
  0.37106E+00  0.32480E+00
  0.33810E+00  0.32503E+00
  0.28476E+00  0.33365E+00
  0.20888E+00  0.34759E+00
  0.11093E+00  0.36107E+00
  0.20619E-04  0.36776E-05
  0.19457E-04  0.40289E-05
  0.18229E-04  0.42142E-05
  0.17236E-04  0.41784E-05
  0.16570E-04  0.40289E-05
  0.16299E-04  0.38136E-05
  0.16432E-04  0.35767E-05
  0.16959E-04  0.33524E-05
  0.17831E-04  0.32098E-05
  0.18976E-04  0.32259E-05
  0.20173E-04  0.35063E+00
  0.11901E+00  0.36449E+00
  0.22584E+00  0.40301E+00
  0.31206E+00  0.46077E+00
  0.37681E+00  0.53253E+00
  0.42191E+00  0.61636E+00
  0.45019E+00  0.71190E+00
  0.46351E+00  0.81926E+00
  0.46248E+00  0.93773E+00
  0.44651E+00  0.10651E+01
  0.41422E+00  0.11970E+01
  0.36404E+00  0.13266E+01
  0.29521E+00  0.14444E+01
  0.20876E+00  0.15397E+01
  0.10829E+00  0.16020E+01
 -0.34086E-13  0.16237E+01
  0.11662E-13  0.45429E+00
  0.67734E-01  0.45084E+00
  0.13295E+00  0.44095E+00
  0.19338E+00  0.42577E+00
  0.24720E+00  0.40706E+00
  0.29309E+00  0.38693E+00
  0.33014E+00  0.36761E+00
  0.35773E+00  0.35136E+00
  0.37522E+00  0.34040E+00
  0.38163E+00  0.33695E+00
  0.37525E+00  0.34328E+00
  0.35290E+00  0.36176E+00
  0.30919E+00  0.39382E+00
  0.23513E+00  0.43701E+00
  0.13115E+00  0.47557E+00
  0.21359E-04  0.48653E-05
  0.19629E-04  0.55443E-05
  0.18205E-04  0.54769E-05
  0.16944E-04  0.51225E-05
  0.16174E-04  0.45280E-05
  0.15862E-04  0.38935E-05
  0.15992E-04  0.32359E-05
  0.16569E-04  0.25899E-05
  0.17633E-04  0.20382E-05
  0.18987E-04  0.18536E-05
  0.20734E-04  0.20897E+00
  0.15479E+00  0.23270E+00
  0.28571E+00  0.29595E+00
  0.38909E+00  0.37931E+00
  0.46464E+00  0.47358E+00
  0.51983E+00  0.57508E+00
  0.55897E+00  0.68570E+00
  0.58375E+00  0.80728E+00
  0.59353E+00  0.94087E+00
  0.58567E+00  0.10857E+01
  0.55602E+00  0.12383E+01
  0.49988E+00  0.13916E+01
  0.41371E+00  0.15345E+01
  0.29733E+00  0.16527E+01
  0.15586E+00  0.17313E+01
 -0.19453E-12  0.17588E+01
 -0.15055E-13  0.38879E+00
  0.62159E-01  0.38647E+00
  0.12249E+00  0.37981E+00
  0.17931E+00  0.36968E+00
  0.23125E+00  0.35742E+00
  0.27724E+00  0.34471E+00
  0.31653E+00  0.33348E+00
  0.34859E+00  0.32584E+00
  0.37290E+00  0.32412E+00
  0.38876E+00  0.33094E+00
  0.39477E+00  0.34965E+00
  0.38840E+00  0.38401E+00
  0.36251E+00  0.44066E+00
  0.30368E+00  0.52380E+00
  0.16771E+00  0.62148E+00
  0.21402E-04  0.69756E-05
  0.20453E-04  0.72704E-05
  0.17683E-04  0.73642E-05
  0.16164E-04  0.61567E-05
  0.15313E-04  0.50717E-05
  0.14999E-04  0.39846E-05
  0.15106E-04  0.29098E-05
  0.15701E-04  0.17484E-05
  0.16903E-04  0.61249E-06
  0.19239E-04  -0.29058E-06
  0.20702E-04  0.14640E-01
  0.20666E+00  0.63279E-01
  0.38301E+00  0.16723E+00
  0.49297E+00  0.29163E+00
  0.57221E+00  0.40742E+00
  0.63307E+00  0.52484E+00
  0.68156E+00  0.64828E+00
  0.71850E+00  0.78287E+00
  0.74180E+00  0.93209E+00
  0.74642E+00  0.10976E+01
  0.72454E+00  0.12778E+01
  0.66661E+00  0.14661E+01
  0.56383E+00  0.16490E+01
  0.41261E+00  0.18060E+01
  0.21883E+00  0.19135E+01
  0.99383E-13  0.19517E+01
 -0.19834E-13  0.32809E+00
  0.58457E-01  0.32657E+00
  0.11560E+00  0.32225E+00
  0.17022E+00  0.31580E+00
  0.22132E+00  0.30827E+00
  0.26814E+00  0.30106E+00
  0.31018E+00  0.29581E+00
  0.34715E+00  0.29450E+00
  0.37892E+00  0.29939E+00
  0.40534E+00  0.31341E+00
  0.42631E+00  0.34010E+00
  0.44032E+00  0.38640E+00
  0.44779E+00  0.45526E+00
  0.42541E+00  0.59059E+00
  0.37557E+00  0.79199E+00
  0.31249E-04  0.71581E-05
  0.18851E-04  0.13023E-04
  0.16348E-04  0.90573E-05
  0.14615E-04  0.72575E-05
  0.13992E-04  0.55388E-05
  0.13725E-04  0.40864E-05
  0.13797E-04  0.26238E-05
  0.14174E-04  0.11071E-05
  0.15396E-04  -0.12598E-05
  0.17278E-04  -0.28492E-05
  0.26570E-04  -0.30562E+00
  0.39781E+00  -0.19583E+00
  0.52956E+00  0.58995E-01
  0.62646E+00  0.20630E+00
  0.69541E+00  0.34126E+00
  0.75799E+00  0.46798E+00
  0.81491E+00  0.59951E+00
  0.86617E+00  0.74335E+00
  0.90804E+00  0.90628E+00
  0.93310E+00  0.10935E+01
  0.92919E+00  0.13074E+01
  0.87941E+00  0.15440E+01
  0.76507E+00  0.17882E+01
  0.57341E+00  0.20100E+01
  0.30946E+00  0.21681E+01
 -0.54529E-13  0.22258E+01
 -0.20543E-13  0.27053E+00
  0.56101E-01  0.26958E+00
  0.11128E+00  0.26692E+00
  0.16472E+00  0.26308E+00
  0.21574E+00  0.25889E+00
  0.26388E+00  0.25549E+00
  0.30893E+00  0.25431E+00
  0.35093E+00  0.25704E+00
  0.39021E+00  0.26583E+00
  0.42746E+00  0.28328E+00
  0.46362E+00  0.31344E+00
  0.50177E+00  0.35966E+00
  0.53999E+00  0.44374E+00
  0.62069E+00  0.50907E+00
  0.57182E+00  0.11522E+01
  0.20196E+01  0.35843E-04
  0.14546E+01  0.14029E-04
  0.13067E+01  0.10951E-04
  0.12525E+01  0.78057E-05
  0.12277E+01  0.58462E-05
  0.12175E+01  0.41481E-05
  0.12159E+01  0.25423E-05
  0.12228E+01  0.54962E-06
  0.12434E+01  -0.10600E-05
  0.13096E+01  -0.11713E-04
  0.15798E+01  -0.11238E+01
  0.60782E+00  -0.20831E+00
  0.74377E+00  -0.30123E-01
  0.76931E+00  0.14616E+00
  0.82674E+00  0.27895E+00
  0.88713E+00  0.40642E+00
  0.95332E+00  0.53801E+00
  0.10223E+01  0.68450E+00
  0.10899E+01  0.85558E+00
  0.11474E+01  0.10614E+01
  0.11789E+01  0.13114E+01
  0.11579E+01  0.16102E+01
  0.10478E+01  0.19464E+01
  0.81467E+00  0.22776E+01
  0.44894E+00  0.25305E+01
  0.20058E-12  0.26246E+01
  0.65646E-13  0.21494E+00
  0.54683E-01  0.21439E+00
  0.10876E+00  0.21287E+00
  0.16169E+00  0.21078E+00
  0.21310E+00  0.20879E+00
  0.26277E+00  0.20779E+00
  0.31079E+00  0.20896E+00
  0.35750E+00  0.21369E+00
  0.40368E+00  0.22374E+00
  0.45060E+00  0.24132E+00
  0.50067E+00  0.26891E+00
  0.55690E+00  0.31187E+00
  0.63290E+00  0.36708E+00
  0.72086E+00  0.48064E+00
  0.10250E+01  0.51764E+00
  0.11591E+01  0.56343E+00
  0.13716E+01  0.14481E+00
  0.12737E+01  0.65690E-01
  0.12401E+01  0.29241E-01
  0.12215E+01  0.13626E-01
  0.12136E+01  0.47748E-02
  0.12122E+01  -0.16365E-02
  0.12171E+01  -0.10513E-01
  0.12281E+01  -0.19214E-01
  0.12720E+01  -0.10920E+00
  0.11159E+01  -0.12983E+00
  0.10402E+01  -0.23971E+00
  0.89187E+00  -0.22156E-01
  0.91250E+00  0.10336E+00
  0.94985E+00  0.22447E+00
  0.10114E+01  0.33949E+00
  0.10883E+01  0.46174E+00
  0.11789E+01  0.60118E+00
  0.12800E+01  0.77016E+00
  0.13848E+01  0.98421E+00
  0.14779E+01  0.12633E+01
  0.15252E+01  0.16307E+01
  0.14607E+01  0.20984E+01
  0.11970E+01  0.26233E+01
  0.69868E+00  0.30592E+01
 -0.11917E-12  0.32374E+01
  0.10294E-13  0.16053E+00
  0.53892E-01  0.16023E+00
  0.10741E+00  0.15944E+00
  0.16025E+00  0.15844E+00
  0.21224E+00  0.15774E+00
  0.26341E+00  0.15801E+00
  0.31404E+00  0.16011E+00
  0.36475E+00  0.16513E+00
  0.41658E+00  0.17433E+00
  0.47121E+00  0.18917E+00
  0.53111E+00  0.21142E+00
  0.60111E+00  0.24186E+00
  0.68576E+00  0.28315E+00
  0.81022E+00  0.32244E+00
  0.94282E+00  0.34320E+00
  0.11077E+01  0.25594E+00
  0.11753E+01  0.18828E+00
  0.12153E+01  0.87486E-01
  0.12098E+01  0.44654E-01
  0.12063E+01  0.21086E-01
  0.12038E+01  0.76890E-02
  0.12032E+01  -0.25833E-02
  0.12032E+01  -0.13524E-01
  0.12041E+01  -0.34971E-01
  0.11772E+01  -0.64997E-01
  0.11411E+01  -0.10705E+00
  0.10603E+01  -0.66542E-01
  0.10256E+01  -0.13602E-01
  0.10180E+01  0.81856E-01
  0.10554E+01  0.17209E+00
  0.11197E+01  0.26604E+00
  0.12095E+01  0.36855E+00
  0.13241E+01  0.48920E+00
  0.14644E+01  0.64090E+00
  0.16299E+01  0.84316E+00
  0.18145E+01  0.11265E+01
  0.19930E+01  0.15396E+01
  0.20827E+01  0.21617E+01
  0.18726E+01  0.30232E+01
  0.10920E+01  0.39123E+01
  0.32997E-12  0.42549E+01
  0.51870E-13  0.10677E+00
  0.53491E-01  0.10662E+00
  0.10677E+00  0.10625E+00
  0.15970E+00  0.10586E+00
  0.21227E+00  0.10577E+00
  0.26466E+00  0.10643E+00
  0.31732E+00  0.10842E+00
  0.37101E+00  0.11243E+00
  0.42694E+00  0.11928E+00
  0.48677E+00  0.12980E+00
  0.55293E+00  0.14462E+00
  0.62830E+00  0.16385E+00
  0.71763E+00  0.18487E+00
  0.81980E+00  0.20106E+00
  0.93520E+00  0.19460E+00
  0.10345E+01  0.17051E+00
  0.11155E+01  0.11749E+00
  0.11579E+01  0.74738E-01
  0.11802E+01  0.40250E-01
  0.11889E+01  0.20200E-01
  0.11924E+01  0.75107E-02
  0.11928E+01  -0.20089E-02
  0.11902E+01  -0.12186E-01
  0.11808E+01  -0.25161E-01
  0.11636E+01  -0.40559E-01
  0.11313E+01  -0.42911E-01
  0.11029E+01  -0.32467E-01
  0.10832E+01  0.74795E-02
  0.10932E+01  0.58518E-01
  0.11327E+01  0.11890E+00
  0.12037E+01  0.18416E+00
  0.13062E+01  0.25817E+00
  0.14437E+01  0.34762E+00
  0.16224E+01  0.46379E+00
  0.18523E+01  0.62525E+00
  0.21460E+01  0.86694E+00
  0.25180E+01  0.12495E+01
  0.29443E+01  0.19252E+01
  0.32374E+01  0.32900E+01
  0.27321E+01  0.51168E+01
 -0.13789E-12  0.63213E+01
  0.28350E-13  0.53319E-01
  0.53316E-01  0.53263E-01
  0.10652E+00  0.53129E-01
  0.15957E+00  0.53014E-01
  0.21255E+00  0.53081E-01
  0.26573E+00  0.53554E-01
  0.31966E+00  0.54721E-01
  0.37518E+00  0.56923E-01
  0.43352E+00  0.60540E-01
  0.49629E+00  0.65922E-01
  0.56541E+00  0.73249E-01
  0.64292E+00  0.82109E-01
  0.72968E+00  0.90883E-01
  0.82474E+00  0.95611E-01
  0.92064E+00  0.93085E-01
  0.10098E+01  0.79081E-01
  0.10799E+01  0.60411E-01
  0.11297E+01  0.39295E-01
  0.11596E+01  0.23222E-01
  0.11761E+01  0.11967E-01
  0.11836E+01  0.45916E-02
  0.11852E+01  -0.10574E-02
  0.11814E+01  -0.65654E-02
  0.11719E+01  -0.12628E-01
  0.11559E+01  -0.17330E-01
  0.11371E+01  -0.18314E-01
  0.11203E+01  -0.97568E-02
  0.11170E+01  0.68047E-02
  0.11345E+01  0.31678E-01
  0.11799E+01  0.61048E-01
  0.12565E+01  0.94508E-01
  0.13687E+01  0.13327E+00
  0.15229E+01  0.18105E+00
  0.17304E+01  0.24438E+00
  0.20108E+01  0.33533E+00
  0.23992E+01  0.47502E+00
  0.29541E+01  0.72489E+00
  0.38335E+01  0.11183E+01
  0.50642E+01  0.27584E+01
  0.88096E+01  0.88359E+01
 -0.41126E-12  0.11190E+02
 -0.14211E-13  -0.31974E-13
  0.53268E-01  -0.13856E-12
  0.10646E+00  -0.53291E-13
  0.15956E+00  0.14211E-13
  0.21268E+00  0.21316E-13
  0.26614E+00  -0.71054E-13
  0.32050E+00  -0.31974E-13
  0.37663E+00  -0.28422E-13
  0.43576E+00  0.14211E-13
  0.49946E+00  -0.71054E-13
  0.56947E+00  -0.35527E-13
  0.64730E+00  0.35527E-13
  0.73325E+00  0.28422E-13
  0.82507E+00  0.10658E-12
  0.91690E+00  0.14211E-12
  0.10013E+01  -0.10658E-12
  0.10700E+01  -0.42633E-13
  0.11203E+01  0.85265E-13
  0.11528E+01  0.21316E-13
  0.11715E+01  0.11369E-12
  0.11804E+01  -0.71054E-14
  0.11824E+01  -0.16342E-12
  0.11785E+01  -0.14921E-12
  0.11691E+01  -0.92371E-13
  0.11547E+01  -0.56843E-13
  0.11387E+01  -0.34106E-12
  0.11267E+01  -0.14211E-12
  0.11274E+01  0.17053E-12
  0.11482E+01  0.14211E-13
  0.11956E+01  0.42633E-13
  0.12746E+01  0.85265E-13
  0.13903E+01  0.27001E-12
  0.15506E+01  -0.28422E-13
  0.17688E+01  0.99476E-13
  0.20686E+01  -0.19895E-12
  0.24933E+01  -0.32685E-12
  0.31324E+01  -0.32685E-12
  0.41760E+01  0.14211E-12
  0.62687E+01  0.19895E-12
  0.11164E+02  0.17053E-12
  0.18829E-12  0.26365E-12
