  vx           vy
 -0.28167E-12  -0.13856E-12
  0.11110E+02  0.47606E-12
  0.61667E+01  0.11369E-12
  0.40366E+01  0.13145E-12
  0.29687E+01  0.21316E-12
  0.23192E+01  -0.35527E-14
  0.18959E+01  0.00000E+00
  0.16065E+01  -0.24869E-12
  0.14036E+01  -0.19895E-12
  0.12590E+01  -0.15277E-12
  0.11552E+01  0.17053E-12
  0.10801E+01  -0.39435E-12
  0.10257E+01  0.14566E-12
  0.98609E+00  0.10658E-13
  0.95723E+00  -0.71054E-13
  0.93613E+00  0.71054E-13
  0.92064E+00  0.74607E-13
  0.90919E+00  -0.35527E-14
  0.90061E+00  -0.35527E-13
  0.89404E+00  -0.11013E-12
  0.88884E+00  0.21316E-13
  0.88446E+00  -0.20250E-12
  0.88049E+00  0.12790E-12
  0.87651E+00  -0.28777E-12
  0.87215E+00  0.19185E-12
  0.86697E+00  0.12079E-12
  0.86048E+00  0.31974E-13
  0.85207E+00  0.10658E-12
  0.84097E+00  -0.53291E-13
  0.82619E+00  -0.19185E-12
  0.80650E+00  0.31619E-12
  0.78036E+00  -0.13500E-12
  0.74594E+00  0.10658E-13
  0.70118E+00  0.12079E-12
  0.64389E+00  0.18119E-12
  0.57215E+00  -0.10303E-12
  0.48465E+00  -0.13145E-12
  0.38125E+00  -0.12434E-12
  0.26350E+00  -0.11013E-12
  0.13474E+00  -0.88818E-13
  0.80455E-13  -0.13744E-12
 -0.37998E-12  0.11248E+02
  0.57991E+01  0.59362E+01
  0.52170E+01  0.22498E+01
  0.36321E+01  0.12297E+01
  0.27847E+01  0.73579E+00
  0.22163E+01  0.48102E+00
  0.18330E+01  0.32796E+00
  0.15653E+01  0.22975E+00
  0.13754E+01  0.16345E+00
  0.12393E+01  0.11737E+00
  0.11411E+01  0.84771E-01
  0.10701E+01  0.61452E-01
  0.10184E+01  0.44665E-01
  0.98085E+00  0.32536E-01
  0.95344E+00  0.23758E-01
  0.93339E+00  0.17407E-01
  0.91867E+00  0.12822E-01
  0.90778E+00  0.95338E-02
  0.89962E+00  0.72063E-02
  0.89338E+00  0.56031E-02
  0.88843E+00  0.45615E-02
  0.88427E+00  0.39757E-02
  0.88048E+00  0.37858E-02
  0.87670E+00  0.39707E-02
  0.87255E+00  0.45457E-02
  0.86761E+00  0.55625E-02
  0.86143E+00  0.71117E-02
  0.85339E+00  0.93276E-02
  0.84277E+00  0.12393E-01
  0.82861E+00  0.16545E-01
  0.80968E+00  0.22066E-01
  0.78447E+00  0.29277E-01
  0.75111E+00  0.38489E-01
  0.70745E+00  0.49929E-01
  0.65120E+00  0.63612E-01
  0.58016E+00  0.79179E-01
  0.49278E+00  0.95741E-01
  0.38866E+00  0.11181E+00
  0.26919E+00  0.12546E+00
  0.13785E+00  0.13468E+00
  0.17260E-12  0.13794E+00
 -0.68858E-13  0.64425E+01
  0.21118E+01  0.54910E+01
  0.30594E+01  0.33309E+01
  0.27800E+01  0.19875E+01
  0.23166E+01  0.12906E+01
  0.19448E+01  0.87149E+00
  0.16598E+01  0.60676E+00
  0.14494E+01  0.42979E+00
  0.12953E+01  0.30776E+00
  0.11828E+01  0.22184E+00
  0.11008E+01  0.16059E+00
  0.10411E+01  0.11658E+00
  0.99750E+00  0.84807E-01
  0.96571E+00  0.61814E-01
  0.94247E+00  0.45154E-01
  0.92546E+00  0.33091E-01
  0.91296E+00  0.24381E-01
  0.90371E+00  0.18131E-01
  0.89677E+00  0.13706E-01
  0.89146E+00  0.10658E-01
  0.88725E+00  0.86782E-02
  0.88371E+00  0.75652E-02
  0.88048E+00  0.72056E-02
  0.87726E+00  0.75603E-02
  0.87371E+00  0.86594E-02
  0.86949E+00  0.10603E-01
  0.86417E+00  0.13569E-01
  0.85726E+00  0.17819E-01
  0.84806E+00  0.23715E-01
  0.83571E+00  0.31729E-01
  0.81907E+00  0.42444E-01
  0.79664E+00  0.56535E-01
  0.76652E+00  0.74701E-01
  0.72635E+00  0.97521E-01
  0.67341E+00  0.12520E+00
  0.60483E+00  0.15720E+00
  0.51811E+00  0.19184E+00
  0.41196E+00  0.22603E+00
  0.28729E+00  0.25548E+00
  0.14778E+00  0.27559E+00
  0.22548E-12  0.28272E+00
 -0.10352E-12  0.44559E+01
  0.10854E+01  0.40449E+01
  0.17109E+01  0.31783E+01
  0.18725E+01  0.22615E+01
  0.17573E+01  0.15877E+01
  0.15784E+01  0.11253E+01
  0.14130E+01  0.80387E+00
  0.12783E+01  0.57810E+00
  0.11745E+01  0.41759E+00
  0.10966E+01  0.30258E+00
  0.10388E+01  0.21973E+00
  0.99631E+00  0.15983E+00
  0.96509E+00  0.11642E+00
  0.94221E+00  0.84926E-01
  0.92544E+00  0.62074E-01
  0.91314E+00  0.45509E-01
  0.90408E+00  0.33540E-01
  0.89737E+00  0.24949E-01
  0.89234E+00  0.18864E-01
  0.88848E+00  0.14672E-01
  0.88541E+00  0.11949E-01
  0.88283E+00  0.10420E-01
  0.88048E+00  0.99282E-02
  0.87813E+00  0.10423E-01
  0.87553E+00  0.11947E-01
  0.87242E+00  0.14644E-01
  0.86849E+00  0.18766E-01
  0.86334E+00  0.24691E-01
  0.85643E+00  0.32947E-01
  0.84703E+00  0.44236E-01
  0.83415E+00  0.59456E-01
  0.81639E+00  0.79695E-01
  0.79186E+00  0.10617E+00
  0.75797E+00  0.14007E+00
  0.71135E+00  0.18217E+00
  0.64792E+00  0.23221E+00
  0.56341E+00  0.28805E+00
  0.45460E+00  0.34483E+00
  0.32093E+00  0.39511E+00
  0.16651E+00  0.43007E+00
  0.17903E-12  0.44263E+00
  0.59816E-13  0.35469E+01
  0.57250E+00  0.33465E+01
  0.98713E+00  0.28382E+01
  0.11843E+01  0.22355E+01
  0.12254E+01  0.16833E+01
  0.11896E+01  0.12425E+01
  0.11317E+01  0.90960E+00
  0.10753E+01  0.66352E+00
  0.10279E+01  0.48343E+00
  0.99047E+00  0.35214E+00
  0.96191E+00  0.25657E+00
  0.94046E+00  0.18703E+00
  0.92452E+00  0.13643E+00
  0.91274E+00  0.99622E-01
  0.90405E+00  0.72866E-01
  0.89764E+00  0.53448E-01
  0.89291E+00  0.39406E-01
  0.88939E+00  0.29321E-01
  0.88675E+00  0.22177E-01
  0.88472E+00  0.17253E-01
  0.88310E+00  0.14055E-01
  0.88174E+00  0.12261E-01
  0.88049E+00  0.11689E-01
  0.87923E+00  0.12279E-01
  0.87784E+00  0.14088E-01
  0.87616E+00  0.17292E-01
  0.87401E+00  0.22198E-01
  0.87114E+00  0.29278E-01
  0.86722E+00  0.39196E-01
  0.86174E+00  0.52865E-01
  0.85396E+00  0.71489E-01
  0.84275E+00  0.96619E-01
  0.82636E+00  0.13014E+00
  0.80212E+00  0.17419E+00
  0.76600E+00  0.23073E+00
  0.71227E+00  0.30073E+00
  0.63375E+00  0.38251E+00
  0.52313E+00  0.46980E+00
  0.37695E+00  0.55028E+00
  0.19804E+00  0.60832E+00
 -0.20179E-12  0.62934E+00
  0.31567E-12  0.30933E+01
  0.27154E+00  0.29549E+01
  0.49982E+00  0.25930E+01
  0.65941E+00  0.21228E+01
  0.75876E+00  0.16538E+01
  0.81494E+00  0.12500E+01
  0.84557E+00  0.92884E+00
  0.86200E+00  0.68410E+00
  0.87077E+00  0.50153E+00
  0.87542E+00  0.36684E+00
  0.87789E+00  0.26803E+00
  0.87919E+00  0.19576E+00
  0.87988E+00  0.14299E+00
  0.88024E+00  0.10452E+00
  0.88042E+00  0.76501E-01
  0.88051E+00  0.56145E-01
  0.88055E+00  0.41412E-01
  0.88057E+00  0.30825E-01
  0.88057E+00  0.23322E-01
  0.88056E+00  0.18151E-01
  0.88055E+00  0.14792E-01
  0.88053E+00  0.12910E-01
  0.88050E+00  0.12314E-01
  0.88047E+00  0.12946E-01
  0.88042E+00  0.14869E-01
  0.88034E+00  0.18275E-01
  0.88021E+00  0.23506E-01
  0.87996E+00  0.31085E-01
  0.87951E+00  0.41770E-01
  0.87866E+00  0.56623E-01
  0.87706E+00  0.77110E-01
  0.87405E+00  0.10522E+00
  0.86837E+00  0.14359E+00
  0.85770E+00  0.19560E+00
  0.83780E+00  0.26522E+00
  0.80133E+00  0.35623E+00
  0.73675E+00  0.46991E+00
  0.62986E+00  0.59995E+00
  0.46704E+00  0.72889E+00
  0.25201E+00  0.82530E+00
 -0.11337E-12  0.86203E+00
 -0.38845E-12  0.29456E+01
  0.29531E-01  0.28059E+01
  0.83104E-01  0.24525E+01
  0.19974E+00  0.19922E+01
  0.33384E+00  0.15480E+01
  0.46406E+00  0.11691E+01
  0.57238E+00  0.87042E+00
  0.65570E+00  0.64273E+00
  0.71740E+00  0.47245E+00
  0.76236E+00  0.34635E+00
  0.79492E+00  0.25353E+00
  0.81848E+00  0.18544E+00
  0.83553E+00  0.13561E+00
  0.84789E+00  0.99204E-01
  0.85688E+00  0.72662E-01
  0.86342E+00  0.53357E-01
  0.86822E+00  0.39374E-01
  0.87175E+00  0.29321E-01
  0.87439E+00  0.22194E-01
  0.87640E+00  0.17280E-01
  0.87799E+00  0.14090E-01
  0.87932E+00  0.12303E-01
  0.88053E+00  0.11743E-01
  0.88173E+00  0.12354E-01
  0.88304E+00  0.14202E-01
  0.88459E+00  0.17477E-01
  0.88651E+00  0.22522E-01
  0.88897E+00  0.29862E-01
  0.89215E+00  0.40275E-01
  0.89625E+00  0.54878E-01
  0.90144E+00  0.75273E-01
  0.90777E+00  0.10375E+00
  0.91493E+00  0.14358E+00
  0.92174E+00  0.19944E+00
  0.92506E+00  0.27785E+00
  0.91735E+00  0.38747E+00
  0.88280E+00  0.53716E+00
  0.79292E+00  0.72892E+00
  0.62220E+00  0.93610E+00
  0.33953E+00  0.11111E+01
 -0.38835E-12  0.11747E+01
  0.47893E-12  0.31136E+01
 -0.31538E+00  0.29126E+01
 -0.36085E+00  0.23849E+01
 -0.28960E+00  0.18422E+01
 -0.81265E-01  0.13609E+01
  0.13864E+00  0.10049E+01
  0.32564E+00  0.74001E+00
  0.47115E+00  0.54436E+00
  0.58057E+00  0.39979E+00
  0.66143E+00  0.29322E+00
  0.72075E+00  0.21482E+00
  0.76410E+00  0.15727E+00
  0.79574E+00  0.11510E+00
  0.81884E+00  0.84263E-01
  0.83570E+00  0.61757E-01
  0.84805E+00  0.45375E-01
  0.85711E+00  0.33502E-01
  0.86381E+00  0.24961E-01
  0.86883E+00  0.18905E-01
  0.87266E+00  0.14729E-01
  0.87569E+00  0.12018E-01
  0.87824E+00  0.10501E-01
  0.88056E+00  0.10028E-01
  0.88287E+00  0.10556E-01
  0.88542E+00  0.12143E-01
  0.88846E+00  0.14957E-01
  0.89228E+00  0.19302E-01
  0.89726E+00  0.25649E-01
  0.90388E+00  0.34704E-01
  0.91273E+00  0.47508E-01
  0.92461E+00  0.65597E-01
  0.94047E+00  0.91266E-01
  0.96140E+00  0.12801E+00
  0.98835E+00  0.18127E+00
  0.10213E+01  0.25983E+00
  0.10569E+01  0.37729E+00
  0.10805E+01  0.55738E+00
  0.10504E+01  0.82597E+00
  0.86606E+00  0.11873E+01
  0.55086E+00  0.14942E+01
 -0.22153E-12  0.16478E+01
 -0.22864E-12  0.37323E+01
 -0.51486E+00  0.32227E+01
 -0.11661E+01  0.24434E+01
 -0.88174E+00  0.15318E+01
 -0.49108E+00  0.10566E+01
 -0.14438E+00  0.74886E+00
  0.12221E+00  0.54243E+00
  0.32310E+00  0.39594E+00
  0.47199E+00  0.28997E+00
  0.58168E+00  0.21251E+00
  0.66218E+00  0.15571E+00
  0.72115E+00  0.11405E+00
  0.76430E+00  0.83525E-01
  0.79585E+00  0.61186E-01
  0.81895E+00  0.44872E-01
  0.83587E+00  0.32991E-01
  0.84831E+00  0.24377E-01
  0.85752E+00  0.18178E-01
  0.86442E+00  0.13781E-01
  0.86969E+00  0.10749E-01
  0.87387E+00  0.87803E-02
  0.87738E+00  0.76796E-02
  0.88058E+00  0.73386E-02
  0.88379E+00  0.77263E-02
  0.88733E+00  0.88873E-02
  0.89156E+00  0.10949E-01
  0.89692E+00  0.14136E-01
  0.90396E+00  0.18808E-01
  0.91340E+00  0.25503E-01
  0.92624E+00  0.35033E-01
  0.94384E+00  0.48622E-01
  0.96811E+00  0.68165E-01
  0.10017E+01  0.96673E-01
  0.10483E+01  0.13921E+00
  0.11130E+01  0.20433E+00
  0.12014E+01  0.30958E+00
  0.13198E+01  0.48146E+00
  0.14372E+01  0.81683E+00
  0.14369E+01  0.13818E+01
  0.67116E+00  0.22123E+01
 -0.28500E-12  0.24242E+01
 -0.24669E-13  0.59093E+01
 -0.43205E+01  0.49544E+01
 -0.24321E+01  0.16596E+01
 -0.15232E+01  0.93751E+00
 -0.81281E+00  0.58698E+00
 -0.34788E+00  0.40437E+00
 -0.14427E-01  0.28798E+00
  0.22624E+00  0.20884E+00
  0.40193E+00  0.15251E+00
  0.53050E+00  0.11167E+00
  0.62469E+00  0.81831E-01
  0.69366E+00  0.59968E-01
  0.74416E+00  0.43948E-01
  0.78113E+00  0.32224E-01
  0.80821E+00  0.23659E-01
  0.82806E+00  0.17419E-01
  0.84267E+00  0.12893E-01
  0.85348E+00  0.96362E-02
  0.86159E+00  0.73252E-02
  0.86778E+00  0.57312E-02
  0.87270E+00  0.46962E-02
  0.87684E+00  0.41175E-02
  0.88060E+00  0.39385E-02
  0.88438E+00  0.41433E-02
  0.88856E+00  0.47560E-02
  0.89357E+00  0.58446E-02
  0.89992E+00  0.75306E-02
  0.90830E+00  0.10007E-01
  0.91961E+00  0.13566E-01
  0.93511E+00  0.18654E-01
  0.95659E+00  0.25954E-01
  0.98668E+00  0.36543E-01
  0.10293E+01  0.52194E-01
  0.10906E+01  0.75929E-01
  0.11804E+01  0.11363E+00
  0.13166E+01  0.17532E+00
  0.15265E+01  0.29607E+00
  0.18989E+01  0.48159E+00
  0.23983E+01  0.14459E+01
  0.36544E+01  0.25694E+01
  0.82095E-13  0.43985E+01
  0.92829E-14  0.10371E+02
 -0.17539E-03  0.24595E-03
 -0.21898E-04  0.17118E-03
 -0.19704E-04  0.17616E-03
 -0.91277E-05  0.17563E-03
 -0.42811E-05  0.17743E-03
 -0.61806E-06  0.17847E-03
  0.19246E-05  0.17902E-03
  0.37790E-05  0.17907E-03
  0.51299E-05  0.17876E-03
  0.61188E-05  0.17817E-03
  0.68427E-05  0.17739E-03
  0.73729E-05  0.17647E-03
  0.77610E-05  0.17545E-03
  0.80454E-05  0.17435E-03
  0.82539E-05  0.17320E-03
  0.84074E-05  0.17201E-03
  0.85210E-05  0.17079E-03
  0.86062E-05  0.16955E-03
  0.86713E-05  0.16829E-03
  0.87230E-05  0.16701E-03
  0.87664E-05  0.16572E-03
  0.88060E-05  0.16442E-03
  0.88458E-05  0.16309E-03
  0.88897E-05  0.16175E-03
  0.89425E-05  0.16037E-03
  0.90094E-05  0.15897E-03
  0.90979E-05  0.15751E-03
  0.92174E-05  0.15599E-03
  0.93816E-05  0.15439E-03
  0.96100E-05  0.15268E-03
  0.99316E-05  0.15082E-03
  0.10390E-04  0.14877E-03
  0.11060E-04  0.14648E-03
  0.12046E-04  0.14394E-03
  0.13654E-04  0.14099E-03
  0.15896E-04  0.13881E-03
  0.22423E-04  0.13253E-03
  0.21682E-04  0.16511E-03
  0.14287E-03  0.94874E+01
 -0.94806E-13  0.81179E+01
 -0.51122E-13  0.11222E+02
 -0.34405E-04  0.95282E-04
 -0.40374E-04  0.16066E-03
 -0.12885E-04  0.16325E-03
 -0.67765E-05  0.17018E-03
 -0.20146E-05  0.17359E-03
  0.65505E-06  0.17591E-03
  0.25349E-05  0.17717E-03
  0.38647E-05  0.17773E-03
  0.48360E-05  0.17777E-03
  0.55492E-05  0.17745E-03
  0.60744E-05  0.17686E-03
  0.64611E-05  0.17608E-03
  0.67454E-05  0.17516E-03
  0.69544E-05  0.17414E-03
  0.71078E-05  0.17304E-03
  0.72204E-05  0.17190E-03
  0.73033E-05  0.17071E-03
  0.73644E-05  0.16949E-03
  0.74098E-05  0.16824E-03
  0.74440E-05  0.16697E-03
  0.74705E-05  0.16569E-03
  0.74920E-05  0.16439E-03
  0.75106E-05  0.16306E-03
  0.75285E-05  0.16171E-03
  0.75476E-05  0.16034E-03
  0.75704E-05  0.15892E-03
  0.76001E-05  0.15744E-03
  0.76410E-05  0.15590E-03
  0.77001E-05  0.15426E-03
  0.77881E-05  0.15249E-03
  0.79231E-05  0.15055E-03
  0.81371E-05  0.14837E-03
  0.84857E-05  0.14587E-03
  0.91016E-05  0.14292E-03
  0.10166E-04  0.13950E-03
  0.12736E-04  0.13470E-03
  0.16250E-04  0.13151E-03
  0.36999E-04  0.11507E-03
  0.31790E-04  0.87773E+01
  0.45565E-13  0.88282E+01
 -0.24258E-12  0.11190E+02
 -0.11748E-04  0.11432E-03
 -0.79087E-05  0.13677E-03
 -0.46548E-05  0.15698E-03
 -0.32973E-06  0.16590E-03
  0.14570E-05  0.17124E-03
  0.27550E-05  0.17428E-03
  0.36393E-05  0.17602E-03
  0.42986E-05  0.17689E-03
  0.47919E-05  0.17715E-03
  0.51631E-05  0.17699E-03
  0.54414E-05  0.17652E-03
  0.56492E-05  0.17583E-03
  0.58036E-05  0.17497E-03
  0.59177E-05  0.17400E-03
  0.60015E-05  0.17294E-03
  0.60626E-05  0.17182E-03
  0.61067E-05  0.17065E-03
  0.61379E-05  0.16945E-03
  0.61591E-05  0.16821E-03
  0.61726E-05  0.16695E-03
  0.61795E-05  0.16568E-03
  0.61806E-05  0.16438E-03
  0.61762E-05  0.16306E-03
  0.61660E-05  0.16171E-03
  0.61492E-05  0.16034E-03
  0.61249E-05  0.15892E-03
  0.60915E-05  0.15745E-03
  0.60474E-05  0.15590E-03
  0.59912E-05  0.15426E-03
  0.59221E-05  0.15248E-03
  0.58422E-05  0.15051E-03
  0.57582E-05  0.14828E-03
  0.56918E-05  0.14567E-03
  0.56836E-05  0.14253E-03
  0.58952E-05  0.13850E-03
  0.64248E-05  0.13315E-03
  0.90122E-05  0.12438E-03
  0.10943E-04  0.11013E-03
  0.13768E-04  0.88037E+01
 -0.68323E-13  0.88019E+01
 -0.26352E-12  0.11190E+02
  0.94684E-05  0.11433E-03
  0.15673E-04  0.13654E-03
  0.95172E-05  0.15662E-03
  0.68199E-05  0.16546E-03
  0.56353E-05  0.17082E-03
  0.51675E-05  0.17390E-03
  0.49677E-05  0.17570E-03
  0.48909E-05  0.17662E-03
  0.48676E-05  0.17694E-03
  0.48680E-05  0.17683E-03
  0.48777E-05  0.17640E-03
  0.48898E-05  0.17573E-03
  0.49013E-05  0.17490E-03
  0.49106E-05  0.17395E-03
  0.49174E-05  0.17291E-03
  0.49215E-05  0.17180E-03
  0.49227E-05  0.17063E-03
  0.49211E-05  0.16944E-03
  0.49162E-05  0.16821E-03
  0.49075E-05  0.16696E-03
  0.48941E-05  0.16568E-03
  0.48747E-05  0.16439E-03
  0.48475E-05  0.16308E-03
  0.48099E-05  0.16174E-03
  0.47584E-05  0.16038E-03
  0.46884E-05  0.15897E-03
  0.45937E-05  0.15752E-03
  0.44662E-05  0.15600E-03
  0.42956E-05  0.15438E-03
  0.40684E-05  0.15264E-03
  0.37674E-05  0.15072E-03
  0.33698E-05  0.14854E-03
  0.28440E-05  0.14600E-03
  0.21346E-05  0.14291E-03
  0.11417E-05  0.13893E-03
 -0.44382E-06  0.13358E-03
 -0.31722E-05  0.12475E-03
 -0.84340E-05  0.11033E-03
 -0.37355E-05  0.88037E+01
  0.63008E-14  0.88019E+01
  0.22037E-13  0.11223E+02
  0.93465E-04  0.95193E-04
  0.31904E-04  0.16002E-03
  0.20904E-04  0.16201E-03
  0.12469E-04  0.16882E-03
  0.92953E-05  0.17230E-03
  0.73429E-05  0.17476E-03
  0.61946E-05  0.17621E-03
  0.54367E-05  0.17695E-03
  0.49232E-05  0.17716E-03
  0.45653E-05  0.17697E-03
  0.43123E-05  0.17649E-03
  0.41316E-05  0.17580E-03
  0.40012E-05  0.17495E-03
  0.39062E-05  0.17399E-03
  0.38361E-05  0.17293E-03
  0.37831E-05  0.17182E-03
  0.37417E-05  0.17065E-03
  0.37075E-05  0.16945E-03
  0.36769E-05  0.16823E-03
  0.36470E-05  0.16698E-03
  0.36146E-05  0.16571E-03
  0.35765E-05  0.16442E-03
  0.35290E-05  0.16312E-03
  0.34674E-05  0.16180E-03
  0.33857E-05  0.16045E-03
  0.32761E-05  0.15908E-03
  0.31280E-05  0.15766E-03
  0.29274E-05  0.15619E-03
  0.26556E-05  0.15464E-03
  0.22871E-05  0.15298E-03
  0.17870E-05  0.15118E-03
  0.11060E-05  0.14916E-03
  0.16651E-06  0.14685E-03
 -0.11497E-05  0.14408E-03
 -0.31613E-05  0.14080E-03
 -0.61773E-05  0.13607E-03
 -0.13317E-04  0.13271E-03
 -0.22404E-04  0.11583E-03
 -0.70870E-04  0.87784E+01
 -0.55698E-13  0.88272E+01
 -0.14028E-13  0.10343E+02
  0.87445E+01  0.24663E-03
  0.37249E+01  0.16920E-03
  0.22580E+01  0.17376E-03
  0.15694E+01  0.17316E-03
  0.11567E+01  0.17518E-03
  0.88882E+00  0.17654E-03
  0.70500E+00  0.17742E-03
  0.57553E+00  0.17779E-03
  0.48292E+00  0.17775E-03
  0.41611E+00  0.17740E-03
  0.36766E+00  0.17680E-03
  0.33240E+00  0.17603E-03
  0.30665E+00  0.17512E-03
  0.28775E+00  0.17411E-03
  0.27378E+00  0.17302E-03
  0.26334E+00  0.17188E-03
  0.25535E+00  0.17071E-03
  0.24902E+00  0.16950E-03
  0.24371E+00  0.16826E-03
  0.23888E+00  0.16701E-03
  0.23406E+00  0.16575E-03
  0.22875E+00  0.16447E-03
  0.22243E+00  0.16318E-03
  0.21446E+00  0.16188E-03
  0.20404E+00  0.16056E-03
  0.19014E+00  0.15922E-03
  0.17137E+00  0.15785E-03
  0.14585E+00  0.15645E-03
  0.11104E+00  0.15500E-03
  0.63454E-01  0.15347E-03
 -0.17153E-02  0.15184E-03
 -0.91206E-01  0.15007E-03
 -0.21472E+00  0.14810E-03
 -0.38705E+00  0.14589E-03
 -0.63256E+00  0.14326E-03
 -0.99957E+00  0.14126E-03
 -0.15913E+01  0.13504E-03
 -0.28020E+01  0.16633E-03
 -0.68137E+01  0.94593E+01
 -0.32215E-13  0.81460E+01
  0.57337E-13  0.57302E+01
  0.19742E+01  0.47816E+01
  0.30077E+01  0.14978E+01
  0.19751E+01  0.79433E+00
  0.14506E+01  0.46516E+00
  0.10916E+01  0.30435E+00
  0.84936E+00  0.20817E+00
  0.67907E+00  0.14660E+00
  0.55774E+00  0.10481E+00
  0.47040E+00  0.75616E-01
  0.40717E+00  0.54849E-01
  0.36123E+00  0.39939E-01
  0.32776E+00  0.29183E-01
  0.30329E+00  0.21412E-01
  0.28534E+00  0.15808E-01
  0.27206E+00  0.11789E-01
  0.26213E+00  0.89444E-02
  0.25454E+00  0.69841E-02
  0.24852E+00  0.57096E-02
  0.24347E+00  0.49920E-02
  0.23888E+00  0.47589E-02
  0.23429E+00  0.49865E-02
  0.22924E+00  0.56975E-02
  0.22323E+00  0.69628E-02
  0.21565E+00  0.89087E-02
  0.20575E+00  0.11729E-01
  0.19252E+00  0.15705E-01
  0.17467E+00  0.21232E-01
  0.15039E+00  0.28860E-01
  0.11728E+00  0.39350E-01
  0.72037E-01  0.53760E-01
  0.10130E-01  0.73582E-01
 -0.74709E-01  0.10099E+00
 -0.19128E+00  0.13931E+00
 -0.35248E+00  0.19443E+00
 -0.57746E+00  0.27593E+00
 -0.90218E+00  0.41771E+00
 -0.13652E+01  0.62384E+00
 -0.22351E+01  0.16039E+01
 -0.14867E+01  0.27431E+01
  0.37441E-13  0.45743E+01
 -0.10790E-13  0.33649E+01
  0.10521E+01  0.28654E+01
  0.14246E+01  0.21144E+01
  0.14327E+01  0.12424E+01
  0.11518E+01  0.81277E+00
  0.92210E+00  0.55060E+00
  0.74089E+00  0.38565E+00
  0.60627E+00  0.27459E+00
  0.50709E+00  0.19755E+00
  0.43448E+00  0.14297E+00
  0.38142E+00  0.10386E+00
  0.34267E+00  0.75672E-01
  0.31434E+00  0.55287E-01
  0.29360E+00  0.40541E-01
  0.27836E+00  0.29897E-01
  0.26709E+00  0.22261E-01
  0.25865E+00  0.16854E-01
  0.25219E+00  0.13129E-01
  0.24707E+00  0.10706E-01
  0.24278E+00  0.93431E-02
  0.23888E+00  0.89012E-02
  0.23497E+00  0.93357E-02
  0.23068E+00  0.10690E-01
  0.22557E+00  0.13098E-01
  0.21912E+00  0.16802E-01
  0.21068E+00  0.22170E-01
  0.19943E+00  0.29738E-01
  0.18422E+00  0.40257E-01
  0.16355E+00  0.54773E-01
  0.13536E+00  0.74727E-01
  0.96865E-01  0.10211E+00
  0.44298E-01  0.13969E+00
 -0.27386E-01  0.19139E+00
 -0.12485E+00  0.26300E+00
 -0.25639E+00  0.36335E+00
 -0.43215E+00  0.50932E+00
 -0.65485E+00  0.72526E+00
 -0.92724E+00  0.11040E+01
 -0.98145E+00  0.17066E+01
 -0.75597E+00  0.25625E+01
  0.18297E-13  0.27840E+01
 -0.12000E-13  0.25375E+01
  0.49033E+00  0.23543E+01
  0.81453E+00  0.18752E+01
  0.87530E+00  0.14011E+01
  0.81114E+00  0.99578E+00
  0.69453E+00  0.71301E+00
  0.58666E+00  0.51268E+00
  0.49835E+00  0.37062E+00
  0.43042E+00  0.26879E+00
  0.37945E+00  0.19540E+00
  0.34171E+00  0.14231E+00
  0.31392E+00  0.10382E+00
  0.29352E+00  0.75905E-01
  0.27854E+00  0.55673E-01
  0.26751E+00  0.41054E-01
  0.25934E+00  0.30559E-01
  0.25322E+00  0.23126E-01
  0.24854E+00  0.18002E-01
  0.24483E+00  0.14670E-01
  0.24171E+00  0.12796E-01
  0.23887E+00  0.12189E-01
  0.23604E+00  0.12788E-01
  0.23292E+00  0.14653E-01
  0.22920E+00  0.17970E-01
  0.22451E+00  0.23071E-01
  0.21838E+00  0.30466E-01
  0.21019E+00  0.40890E-01
  0.19912E+00  0.55382E-01
  0.18406E+00  0.75379E-01
  0.16351E+00  0.10286E+00
  0.13545E+00  0.14054E+00
  0.97181E-01  0.19211E+00
  0.45224E-01  0.26264E+00
 -0.24618E-01  0.35908E+00
 -0.11667E+00  0.49123E+00
 -0.23226E+00  0.67235E+00
 -0.36494E+00  0.92345E+00
 -0.46817E+00  0.12643E+01
 -0.48515E+00  0.16895E+01
 -0.30501E+00  0.20410E+01
 -0.23347E-13  0.22105E+01
  0.41934E-14  0.21228E+01
  0.24244E+00  0.20136E+01
  0.41012E+00  0.17422E+01
  0.48846E+00  0.13926E+01
  0.48845E+00  0.10655E+01
  0.45391E+00  0.79325E+00
  0.40977E+00  0.58409E+00
  0.36957E+00  0.42770E+00
  0.33676E+00  0.31249E+00
  0.31137E+00  0.22812E+00
  0.29222E+00  0.16654E+00
  0.27795E+00  0.12168E+00
  0.26740E+00  0.89035E-01
  0.25962E+00  0.65334E-01
  0.25387E+00  0.48189E-01
  0.24960E+00  0.35873E-01
  0.24640E+00  0.27145E-01
  0.24395E+00  0.21127E-01
  0.24200E+00  0.17213E-01
  0.24036E+00  0.15011E-01
  0.23887E+00  0.14299E-01
  0.23738E+00  0.15005E-01
  0.23574E+00  0.17199E-01
  0.23379E+00  0.21102E-01
  0.23131E+00  0.27103E-01
  0.22808E+00  0.35804E-01
  0.22376E+00  0.48072E-01
  0.21790E+00  0.65133E-01
  0.20992E+00  0.88680E-01
  0.19899E+00  0.12104E+00
  0.18403E+00  0.16540E+00
  0.16354E+00  0.22602E+00
  0.13564E+00  0.30862E+00
  0.98096E-01  0.42058E+00
  0.48969E-01  0.57095E+00
 -0.11786E-01  0.76961E+00
 -0.77016E-01  0.10233E+01
 -0.13064E+00  0.13261E+01
 -0.13989E+00  0.16356E+01
 -0.94717E-01  0.18844E+01
  0.18291E-13  0.19748E+01
 -0.33500E-14  0.19579E+01
  0.67903E-01  0.18744E+01
  0.12881E+00  0.16520E+01
  0.17112E+00  0.13620E+01
  0.20043E+00  0.10663E+01
  0.21744E+00  0.80898E+00
  0.22723E+00  0.60235E+00
  0.23258E+00  0.44419E+00
  0.23549E+00  0.32591E+00
  0.23705E+00  0.23856E+00
  0.23788E+00  0.17446E+00
  0.23833E+00  0.12761E+00
  0.23858E+00  0.93442E-01
  0.23871E+00  0.68602E-01
  0.23878E+00  0.50615E-01
  0.23882E+00  0.37686E-01
  0.23884E+00  0.28520E-01
  0.23886E+00  0.22198E-01
  0.23886E+00  0.18087E-01
  0.23887E+00  0.15774E-01
  0.23887E+00  0.15026E-01
  0.23887E+00  0.15770E-01
  0.23887E+00  0.18079E-01
  0.23887E+00  0.22186E-01
  0.23886E+00  0.28502E-01
  0.23885E+00  0.37660E-01
  0.23882E+00  0.50579E-01
  0.23876E+00  0.68551E-01
  0.23865E+00  0.93373E-01
  0.23843E+00  0.12751E+00
  0.23801E+00  0.17434E+00
  0.23722E+00  0.23839E+00
  0.23569E+00  0.32570E+00
  0.23281E+00  0.44394E+00
  0.22738E+00  0.60216E+00
  0.21740E+00  0.80893E+00
  0.19947E+00  0.10672E+01
  0.17071E+00  0.13626E+01
  0.12507E+00  0.16555E+01
  0.68743E-01  0.18745E+01
  0.12548E-13  0.19579E+01
 -0.15214E-13  0.19748E+01
 -0.87292E-01  0.18786E+01
 -0.14273E+00  0.16369E+01
 -0.12732E+00  0.13229E+01
 -0.76897E-01  0.10234E+01
 -0.11739E-01  0.76965E+00
  0.48708E-01  0.57124E+00
  0.97865E-01  0.42082E+00
  0.13544E+00  0.30882E+00
  0.16338E+00  0.22618E+00
  0.18391E+00  0.16552E+00
  0.19890E+00  0.12113E+00
  0.20985E+00  0.88745E-01
  0.21785E+00  0.65180E-01
  0.22372E+00  0.48107E-01
  0.22806E+00  0.35828E-01
  0.23130E+00  0.27121E-01
  0.23377E+00  0.21114E-01
  0.23573E+00  0.17207E-01
  0.23738E+00  0.15008E-01
  0.23887E+00  0.14299E-01
  0.24037E+00  0.15008E-01
  0.24201E+00  0.17206E-01
  0.24396E+00  0.21115E-01
  0.24642E+00  0.27127E-01
  0.24963E+00  0.35848E-01
  0.25391E+00  0.48155E-01
  0.25967E+00  0.65286E-01
  0.26747E+00  0.88968E-01
  0.27805E+00  0.12159E+00
  0.29234E+00  0.16642E+00
  0.31154E+00  0.22795E+00
  0.33699E+00  0.31226E+00
  0.36984E+00  0.42743E+00
  0.41011E+00  0.58373E+00
  0.45391E+00  0.79315E+00
  0.48842E+00  0.10653E+01
  0.48451E+00  0.13964E+01
  0.41387E+00  0.17403E+01
  0.23324E+00  0.20208E+01
 -0.51823E-13  0.21228E+01
 -0.18238E-14  0.22105E+01
 -0.33901E+00  0.20603E+01
 -0.45791E+00  0.16664E+01
 -0.47229E+00  0.12691E+01
 -0.36409E+00  0.92278E+00
 -0.23320E+00  0.67334E+00
 -0.11700E+00  0.49152E+00
 -0.24917E-01  0.35938E+00
  0.45027E-01  0.26283E+00
  0.97036E-01  0.19225E+00
  0.13534E+00  0.14064E+00
  0.16343E+00  0.10294E+00
  0.18400E+00  0.75435E-01
  0.19907E+00  0.55422E-01
  0.21016E+00  0.40919E-01
  0.21836E+00  0.30487E-01
  0.22450E+00  0.23086E-01
  0.22919E+00  0.17980E-01
  0.23291E+00  0.14659E-01
  0.23604E+00  0.12791E-01
  0.23887E+00  0.12189E-01
  0.24171E+00  0.12793E-01
  0.24483E+00  0.14664E-01
  0.24855E+00  0.17992E-01
  0.25324E+00  0.23111E-01
  0.25937E+00  0.30538E-01
  0.26754E+00  0.41024E-01
  0.27858E+00  0.55631E-01
  0.29358E+00  0.75847E-01
  0.31401E+00  0.10374E+00
  0.34182E+00  0.14220E+00
  0.37962E+00  0.19524E+00
  0.43065E+00  0.26857E+00
  0.49872E+00  0.37026E+00
  0.58709E+00  0.51229E+00
  0.69578E+00  0.71171E+00
  0.81015E+00  0.99653E+00
  0.88067E+00  0.13948E+01
  0.78000E+00  0.19044E+01
  0.53368E+00  0.23297E+01
  0.20873E-13  0.25375E+01
  0.20809E-13  0.27840E+01
 -0.48418E+00  0.23875E+01
 -0.10714E+01  0.17868E+01
 -0.91342E+00  0.10867E+01
 -0.66111E+00  0.73223E+00
 -0.43247E+00  0.50924E+00
 -0.25704E+00  0.36399E+00
 -0.12511E+00  0.26322E+00
 -0.27563E-01  0.19156E+00
  0.44184E-01  0.13980E+00
  0.96785E-01  0.10219E+00
  0.13530E+00  0.74783E-01
  0.16351E+00  0.54813E-01
  0.18419E+00  0.40286E-01
  0.19941E+00  0.29759E-01
  0.21067E+00  0.22186E-01
  0.21910E+00  0.16813E-01
  0.22556E+00  0.13106E-01
  0.23068E+00  0.10694E-01
  0.23497E+00  0.93378E-02
  0.23888E+00  0.89012E-02
  0.24278E+00  0.93410E-02
  0.24708E+00  0.10702E-01
  0.25220E+00  0.13121E-01
  0.25866E+00  0.16844E-01
  0.26710E+00  0.22245E-01
  0.27838E+00  0.29875E-01
  0.29363E+00  0.40510E-01
  0.31438E+00  0.55244E-01
  0.34273E+00  0.75612E-01
  0.38151E+00  0.10378E+00
  0.43461E+00  0.14284E+00
  0.50731E+00  0.19734E+00
  0.60660E+00  0.27430E+00
  0.74174E+00  0.38482E+00
  0.92254E+00  0.55066E+00
  0.11598E+01  0.80384E+00
  0.14152E+01  0.12643E+01
  0.15393E+01  0.20122E+01
  0.70619E+00  0.30880E+01
  0.15744E-14  0.33649E+01
 -0.65396E-13  0.45743E+01
 -0.34742E+01  0.38258E+01
 -0.20565E+01  0.12390E+01
 -0.14046E+01  0.67894E+00
 -0.90000E+00  0.41226E+00
 -0.57911E+00  0.27775E+00
 -0.35273E+00  0.19456E+00
 -0.19149E+00  0.13950E+00
 -0.74808E-01  0.10108E+00
  0.10064E-01  0.73644E-01
  0.71994E-01  0.53802E-01
  0.11725E+00  0.39379E-01
  0.15037E+00  0.28881E-01
  0.17465E+00  0.21248E-01
  0.19251E+00  0.15716E-01
  0.20574E+00  0.11737E-01
  0.21565E+00  0.89143E-02
  0.22323E+00  0.69666E-02
  0.22924E+00  0.56998E-02
  0.23429E+00  0.49876E-02
  0.23888E+00  0.47588E-02
  0.24347E+00  0.49909E-02
  0.24852E+00  0.57072E-02
  0.25454E+00  0.69802E-02
  0.26214E+00  0.89386E-02
  0.27207E+00  0.11781E-01
  0.28535E+00  0.15796E-01
  0.30331E+00  0.21396E-01
  0.32778E+00  0.29160E-01
  0.36127E+00  0.39906E-01
  0.40722E+00  0.54801E-01
  0.47047E+00  0.75541E-01
  0.55786E+00  0.10470E+00
  0.67933E+00  0.14635E+00
  0.84969E+00  0.20799E+00
  0.10938E+01  0.30201E+00
  0.14479E+01  0.47207E+00
  0.20253E+01  0.72413E+00
  0.27801E+01  0.19625E+01
  0.45042E+01  0.34032E+01
  0.11469E-12  0.57302E+01
 -0.62411E-13  0.81460E+01
 -0.13941E-03  0.19374E-03
 -0.18539E-04  0.13488E-03
 -0.17537E-04  0.13974E-03
 -0.97391E-05  0.14052E-03
 -0.63793E-05  0.14340E-03
 -0.38614E-05  0.14587E-03
 -0.21483E-05  0.14810E-03
 -0.91098E-06  0.15007E-03
 -0.16621E-07  0.15184E-03
  0.63499E-06  0.15347E-03
  0.11107E-05  0.15500E-03
  0.14587E-05  0.15645E-03
  0.17138E-05  0.15785E-03
  0.19015E-05  0.15922E-03
  0.20405E-05  0.16056E-03
  0.21446E-05  0.16188E-03
  0.22243E-05  0.16318E-03
  0.22875E-05  0.16447E-03
  0.23406E-05  0.16575E-03
  0.23888E-05  0.16701E-03
  0.24370E-05  0.16826E-03
  0.24901E-05  0.16950E-03
  0.25534E-05  0.17071E-03
  0.26332E-05  0.17189E-03
  0.27376E-05  0.17302E-03
  0.28772E-05  0.17411E-03
  0.30661E-05  0.17512E-03
  0.33235E-05  0.17603E-03
  0.36760E-05  0.17680E-03
  0.41602E-05  0.17740E-03
  0.48282E-05  0.17776E-03
  0.57537E-05  0.17779E-03
  0.70513E-05  0.17742E-03
  0.88766E-05  0.17657E-03
  0.11637E-04  0.17500E-03
  0.15367E-04  0.17411E-03
  0.24665E-04  0.16773E-03
  0.25093E-04  0.20954E-03
  0.17891E-03  0.12039E+02
  0.57959E-13  0.10343E+02
  0.63226E-13  0.88272E+01
 -0.27730E-04  0.74910E-04
 -0.32551E-04  0.12712E-03
 -0.11116E-04  0.13000E-03
 -0.65885E-05  0.13661E-03
 -0.30720E-05  0.14068E-03
 -0.11596E-05  0.14409E-03
  0.17327E-06  0.14684E-03
  0.11081E-05  0.14916E-03
  0.17889E-05  0.15118E-03
  0.22884E-05  0.15298E-03
  0.26565E-05  0.15464E-03
  0.29280E-05  0.15619E-03
  0.31284E-05  0.15766E-03
  0.32764E-05  0.15908E-03
  0.33859E-05  0.16045E-03
  0.34675E-05  0.16180E-03
  0.35291E-05  0.16312E-03
  0.35765E-05  0.16442E-03
  0.36146E-05  0.16571E-03
  0.36469E-05  0.16698E-03
  0.36768E-05  0.16823E-03
  0.37073E-05  0.16945E-03
  0.37414E-05  0.17065E-03
  0.37828E-05  0.17182E-03
  0.38356E-05  0.17293E-03
  0.39056E-05  0.17399E-03
  0.40003E-05  0.17495E-03
  0.41304E-05  0.17580E-03
  0.43107E-05  0.17650E-03
  0.45632E-05  0.17697E-03
  0.49201E-05  0.17716E-03
  0.54335E-05  0.17695E-03
  0.61856E-05  0.17622E-03
  0.73558E-05  0.17474E-03
  0.91816E-05  0.17244E-03
  0.12998E-04  0.16813E-03
  0.18089E-04  0.16548E-03
  0.44888E-04  0.14560E-03
  0.38525E-04  0.11160E+02
 -0.22833E-14  0.11223E+02
 -0.63058E-13  0.88019E+01
 -0.91705E-05  0.89922E-04
 -0.61588E-05  0.10839E-03
 -0.36280E-05  0.12523E-03
 -0.25161E-06  0.13338E-03
  0.11355E-05  0.13894E-03
  0.21509E-05  0.14290E-03
  0.28485E-05  0.14600E-03
  0.33735E-05  0.14854E-03
  0.37695E-05  0.15072E-03
  0.40699E-05  0.15264E-03
  0.42966E-05  0.15438E-03
  0.44669E-05  0.15600E-03
  0.45942E-05  0.15752E-03
  0.46887E-05  0.15897E-03
  0.47587E-05  0.16038E-03
  0.48101E-05  0.16174E-03
  0.48476E-05  0.16308E-03
  0.48748E-05  0.16439E-03
  0.48941E-05  0.16568E-03
  0.49074E-05  0.16696E-03
  0.49161E-05  0.16821E-03
  0.49209E-05  0.16944E-03
  0.49225E-05  0.17063E-03
  0.49211E-05  0.17180E-03
  0.49169E-05  0.17291E-03
  0.49100E-05  0.17395E-03
  0.49003E-05  0.17490E-03
  0.48886E-05  0.17573E-03
  0.48759E-05  0.17640E-03
  0.48656E-05  0.17683E-03
  0.48642E-05  0.17695E-03
  0.48856E-05  0.17663E-03
  0.49612E-05  0.17571E-03
  0.51459E-05  0.17393E-03
  0.56437E-05  0.17080E-03
  0.65736E-05  0.16573E-03
  0.10108E-04  0.15600E-03
  0.12758E-04  0.13903E-03
  0.16411E-04  0.11192E+02
  0.13673E-12  0.11190E+02
  0.68210E-13  0.88019E+01
  0.82915E-05  0.89938E-04
  0.13254E-04  0.10816E-03
  0.85432E-05  0.12487E-03
  0.66195E-05  0.13294E-03
  0.58873E-05  0.13852E-03
  0.56998E-05  0.14252E-03
  0.56961E-05  0.14567E-03
  0.57618E-05  0.14827E-03
  0.58443E-05  0.15050E-03
  0.59236E-05  0.15247E-03
  0.59922E-05  0.15426E-03
  0.60482E-05  0.15590E-03
  0.60921E-05  0.15745E-03
  0.61253E-05  0.15892E-03
  0.61495E-05  0.16034E-03
  0.61662E-05  0.16171E-03
  0.61763E-05  0.16306E-03
  0.61807E-05  0.16438E-03
  0.61795E-05  0.16568E-03
  0.61725E-05  0.16695E-03
  0.61591E-05  0.16821E-03
  0.61377E-05  0.16945E-03
  0.61065E-05  0.17065E-03
  0.60623E-05  0.17182E-03
  0.60010E-05  0.17294E-03
  0.59170E-05  0.17400E-03
  0.58027E-05  0.17498E-03
  0.56480E-05  0.17583E-03
  0.54397E-05  0.17652E-03
  0.51606E-05  0.17699E-03
  0.47885E-05  0.17715E-03
  0.42932E-05  0.17689E-03
  0.36325E-05  0.17603E-03
  0.27332E-05  0.17430E-03
  0.14638E-05  0.17122E-03
 -0.57352E-06  0.16616E-03
 -0.40774E-05  0.15637E-03
 -0.10787E-04  0.13924E-03
 -0.48484E-05  0.11192E+02
 -0.61894E-14  0.11190E+02
 -0.15346E-12  0.88282E+01
  0.75127E-04  0.74823E-04
  0.26686E-04  0.12648E-03
  0.18486E-04  0.12876E-03
  0.12314E-04  0.13525E-03
  0.10255E-04  0.13938E-03
  0.90902E-05  0.14294E-03
  0.84919E-05  0.14586E-03
  0.81389E-05  0.14836E-03
  0.79250E-05  0.15054E-03
  0.77894E-05  0.15249E-03
  0.77010E-05  0.15426E-03
  0.76417E-05  0.15590E-03
  0.76006E-05  0.15744E-03
  0.75708E-05  0.15892E-03
  0.75479E-05  0.16034E-03
  0.75286E-05  0.16171E-03
  0.75107E-05  0.16306E-03
  0.74920E-05  0.16439E-03
  0.74705E-05  0.16569E-03
  0.74440E-05  0.16697E-03
  0.74097E-05  0.16824E-03
  0.73642E-05  0.16949E-03
  0.73031E-05  0.17071E-03
  0.72202E-05  0.17190E-03
  0.71074E-05  0.17305E-03
  0.69538E-05  0.17414E-03
  0.67447E-05  0.17516E-03
  0.64600E-05  0.17608E-03
  0.60729E-05  0.17686E-03
  0.55471E-05  0.17745E-03
  0.48329E-05  0.17778E-03
  0.38612E-05  0.17773E-03
  0.25254E-05  0.17718E-03
  0.66647E-06  0.17589E-03
 -0.21285E-05  0.17374E-03
 -0.62590E-05  0.16950E-03
 -0.15666E-04  0.16669E-03
 -0.27560E-04  0.14636E-03
 -0.89143E-04  0.11161E+02
  0.52730E-12  0.11222E+02
  0.71112E-13  0.81179E+01
  0.69830E+01  0.19441E-03
  0.31374E+01  0.13291E-03
  0.20760E+01  0.13734E-03
  0.16156E+01  0.13805E-03
  0.13598E+01  0.14114E-03
  0.12054E+01  0.14391E-03
  0.11058E+01  0.14648E-03
  0.10391E+01  0.14877E-03
  0.99321E+00  0.15082E-03
  0.96105E+00  0.15268E-03
  0.93820E+00  0.15439E-03
  0.92177E+00  0.15599E-03
  0.90981E+00  0.15751E-03
  0.90096E+00  0.15897E-03
  0.89426E+00  0.16037E-03
  0.88898E+00  0.16175E-03
  0.88458E+00  0.16309E-03
  0.88061E+00  0.16442E-03
  0.87665E+00  0.16572E-03
  0.87230E+00  0.16701E-03
  0.86713E+00  0.16829E-03
  0.86061E+00  0.16955E-03
  0.85210E+00  0.17079E-03
  0.84073E+00  0.17201E-03
  0.82538E+00  0.17320E-03
  0.80452E+00  0.17435E-03
  0.77607E+00  0.17545E-03
  0.73725E+00  0.17647E-03
  0.68422E+00  0.17739E-03
  0.61180E+00  0.17817E-03
  0.51289E+00  0.17876E-03
  0.37772E+00  0.17907E-03
  0.19254E+00  0.17901E-03
 -0.63017E-01  0.17851E-03
 -0.42140E+00  0.17726E-03
 -0.94517E+00  0.17657E-03
 -0.17659E+01  0.17025E-03
 -0.33838E+01  0.21076E-03
 -0.85721E+01  0.12011E+02
 -0.20790E-13  0.10371E+02
 -0.14470E-12  0.43985E+01
  0.16603E+01  0.36562E+01
  0.25778E+01  0.10795E+01
  0.18592E+01  0.53697E+00
  0.15286E+01  0.29065E+00
  0.13149E+01  0.17719E+00
  0.11802E+01  0.11378E+00
  0.10904E+01  0.76126E-01
  0.10292E+01  0.52279E-01
  0.98662E+00  0.36595E-01
  0.95656E+00  0.25985E-01
  0.93509E+00  0.18674E-01
  0.91960E+00  0.13579E-01
  0.90830E+00  0.10015E-01
  0.89992E+00  0.75362E-02
  0.89356E+00  0.58482E-02
  0.88856E+00  0.47582E-02
  0.88438E+00  0.41444E-02
  0.88060E+00  0.39386E-02
  0.87684E+00  0.41167E-02
  0.87270E+00  0.46943E-02
  0.86779E+00  0.57282E-02
  0.86159E+00  0.73206E-02
  0.85349E+00  0.96297E-02
  0.84268E+00  0.12884E-01
  0.82808E+00  0.17407E-01
  0.80823E+00  0.23642E-01
  0.78116E+00  0.32200E-01
  0.74420E+00  0.43916E-01
  0.69371E+00  0.59924E-01
  0.62475E+00  0.81772E-01
  0.53059E+00  0.11159E+00
  0.40206E+00  0.15239E+00
  0.22650E+00  0.20860E+00
 -0.14114E-01  0.28782E+00
 -0.34581E+00  0.40208E+00
 -0.81559E+00  0.59391E+00
 -0.14731E+01  0.86761E+00
 -0.26588E+01  0.21228E+01
 -0.17974E+01  0.35801E+01
 -0.20870E-12  0.59093E+01
 -0.95843E-14  0.24242E+01
  0.94376E+00  0.20369E+01
  0.13464E+01  0.14625E+01
  0.14510E+01  0.79959E+00
  0.13134E+01  0.48857E+00
  0.12010E+01  0.30957E+00
  0.11123E+01  0.20500E+00
  0.10480E+01  0.13943E+00
  0.10015E+01  0.96827E-01
  0.96801E+00  0.68252E-01
  0.94378E+00  0.48677E-01
  0.92620E+00  0.35068E-01
  0.91337E+00  0.25527E-01
  0.90394E+00  0.18823E-01
  0.89691E+00  0.14147E-01
  0.89155E+00  0.10955E-01
  0.88732E+00  0.88914E-02
  0.88379E+00  0.77283E-02
  0.88058E+00  0.73387E-02
  0.87739E+00  0.76779E-02
  0.87388E+00  0.87767E-02
  0.86970E+00  0.10743E-01
  0.86442E+00  0.13772E-01
  0.85753E+00  0.18166E-01
  0.84833E+00  0.24359E-01
  0.83589E+00  0.32968E-01
  0.81898E+00  0.44840E-01
  0.79590E+00  0.61142E-01
  0.76436E+00  0.83464E-01
  0.72124E+00  0.11397E+00
  0.66230E+00  0.15560E+00
  0.58184E+00  0.21235E+00
  0.47222E+00  0.28974E+00
  0.32343E+00  0.39565E+00
  0.12303E+00  0.54163E+00
 -0.14402E+00  0.74898E+00
 -0.48320E+00  0.10478E+01
 -0.89934E+00  0.15538E+01
 -0.10520E+01  0.23418E+01
 -0.85995E+00  0.34449E+01
  0.14623E-12  0.37323E+01
  0.59101E-13  0.16478E+01
  0.51660E+00  0.15137E+01
  0.89309E+00  0.11644E+01
  0.10460E+01  0.83110E+00
  0.10811E+01  0.55691E+00
  0.10559E+01  0.37837E+00
  0.10209E+01  0.26015E+00
  0.98806E+00  0.18154E+00
  0.96123E+00  0.12817E+00
  0.94037E+00  0.91367E-01
  0.92454E+00  0.65663E-01
  0.91269E+00  0.47552E-01
  0.90384E+00  0.34734E-01
  0.89724E+00  0.25669E-01
  0.89227E+00  0.19316E-01
  0.88845E+00  0.14966E-01
  0.88542E+00  0.12148E-01
  0.88287E+00  0.10559E-01
  0.88056E+00  0.10028E-01
  0.87824E+00  0.10498E-01
  0.87570E+00  0.12013E-01
  0.87267E+00  0.14721E-01
  0.86884E+00  0.18893E-01
  0.86383E+00  0.24944E-01
  0.85714E+00  0.33478E-01
  0.84808E+00  0.45342E-01
  0.83575E+00  0.61712E-01
  0.81890E+00  0.84202E-01
  0.79583E+00  0.11502E+00
  0.76421E+00  0.15715E+00
  0.72090E+00  0.21467E+00
  0.66164E+00  0.29301E+00
  0.58084E+00  0.39953E+00
  0.47155E+00  0.54397E+00
  0.32605E+00  0.73964E+00
  0.13978E+00  0.10037E+01
 -0.82436E-01  0.13619E+01
 -0.28458E+00  0.18362E+01
 -0.39553E+00  0.24144E+01
 -0.27241E+00  0.28883E+01
 -0.15200E-12  0.31136E+01
 -0.24909E-12  0.11747E+01
  0.34646E+00  0.11057E+01
  0.61907E+00  0.93782E+00
  0.79568E+00  0.72631E+00
  0.88267E+00  0.53746E+00
  0.91726E+00  0.38762E+00
  0.92479E+00  0.27813E+00
  0.92156E+00  0.19962E+00
  0.91479E+00  0.14371E+00
  0.90767E+00  0.10384E+00
  0.90137E+00  0.75338E-01
  0.89620E+00  0.54924E-01
  0.89212E+00  0.40306E-01
  0.88895E+00  0.29884E-01
  0.88649E+00  0.22537E-01
  0.88458E+00  0.17488E-01
  0.88303E+00  0.14208E-01
  0.88172E+00  0.12357E-01
  0.88053E+00  0.11743E-01
  0.87933E+00  0.12300E-01
  0.87800E+00  0.14084E-01
  0.87641E+00  0.17271E-01
  0.87441E+00  0.22179E-01
  0.87177E+00  0.29301E-01
  0.86825E+00  0.39346E-01
  0.86346E+00  0.53318E-01
  0.85693E+00  0.72608E-01
  0.84797E+00  0.99131E-01
  0.83563E+00  0.13551E+00
  0.81861E+00  0.18530E+00
  0.79511E+00  0.25335E+00
  0.76260E+00  0.34612E+00
  0.71770E+00  0.47214E+00
  0.65604E+00  0.64238E+00
  0.57273E+00  0.87002E+00
  0.46398E+00  0.11691E+01
  0.33348E+00  0.15481E+01
  0.19546E+00  0.19963E+01
  0.85912E-01  0.24515E+01
  0.20312E-01  0.28134E+01
 -0.67778E-14  0.29456E+01
  0.29223E-12  0.86203E+00
  0.25164E+00  0.82528E+00
  0.46869E+00  0.72736E+00
  0.63004E+00  0.59968E+00
  0.73717E+00  0.46952E+00
  0.80135E+00  0.35625E+00
  0.83774E+00  0.26531E+00
  0.85760E+00  0.19571E+00
  0.86828E+00  0.14368E+00
  0.87397E+00  0.10529E+00
  0.87700E+00  0.77165E-01
  0.87861E+00  0.56664E-01
  0.87948E+00  0.41800E-01
  0.87994E+00  0.31107E-01
  0.88019E+00  0.23521E-01
  0.88033E+00  0.18285E-01
  0.88042E+00  0.14875E-01
  0.88047E+00  0.12949E-01
  0.88050E+00  0.12314E-01
  0.88053E+00  0.12907E-01
  0.88055E+00  0.14786E-01
  0.88057E+00  0.18141E-01
  0.88058E+00  0.23307E-01
  0.88059E+00  0.30804E-01
  0.88058E+00  0.41383E-01
  0.88055E+00  0.56104E-01
  0.88048E+00  0.76444E-01
  0.88032E+00  0.10444E+00
  0.87999E+00  0.14289E+00
  0.87934E+00  0.19562E+00
  0.87809E+00  0.26784E+00
  0.87568E+00  0.36658E+00
  0.87110E+00  0.50120E+00
  0.86238E+00  0.68371E+00
  0.84586E+00  0.92848E+00
  0.81490E+00  0.12499E+01
  0.75759E+00  0.16548E+01
  0.65755E+00  0.21249E+01
  0.49670E+00  0.25965E+01
  0.26922E+00  0.29575E+01
  0.17147E-12  0.30933E+01
  0.28878E-12  0.62934E+00
  0.19844E+00  0.60792E+00
  0.37717E+00  0.54998E+00
  0.52358E+00  0.46934E+00
  0.63394E+00  0.38231E+00
  0.71238E+00  0.30064E+00
  0.76600E+00  0.23074E+00
  0.80208E+00  0.17423E+00
  0.82631E+00  0.13020E+00
  0.84270E+00  0.96669E-01
  0.85392E+00  0.71532E-01
  0.86171E+00  0.52898E-01
  0.86719E+00  0.39222E-01
  0.87112E+00  0.29296E-01
  0.87399E+00  0.22212E-01
  0.87615E+00  0.17301E-01
  0.87783E+00  0.14094E-01
  0.87923E+00  0.12282E-01
  0.88049E+00  0.11689E-01
  0.88174E+00  0.12258E-01
  0.88311E+00  0.14049E-01
  0.88473E+00  0.17244E-01
  0.88677E+00  0.22162E-01
  0.88941E+00  0.29301E-01
  0.89294E+00  0.39377E-01
  0.89768E+00  0.53409E-01
  0.90410E+00  0.72811E-01
  0.91282E+00  0.99546E-01
  0.92463E+00  0.13632E+00
  0.94061E+00  0.18688E+00
  0.96211E+00  0.25637E+00
  0.99074E+00  0.35187E+00
  0.10282E+01  0.48307E+00
  0.10758E+01  0.66305E+00
  0.11323E+01  0.90901E+00
  0.11901E+01  0.12420E+01
  0.12250E+01  0.16834E+01
  0.11815E+01  0.22377E+01
  0.97857E+00  0.28470E+01
  0.57802E+00  0.33457E+01
 -0.29510E-12  0.35469E+01
  0.27654E-12  0.44263E+00
  0.16661E+00  0.42995E+00
  0.32117E+00  0.39486E+00
  0.45478E+00  0.34463E+00
  0.56357E+00  0.28788E+00
  0.64800E+00  0.23214E+00
  0.71138E+00  0.18215E+00
  0.75796E+00  0.14009E+00
  0.79184E+00  0.10620E+00
  0.81636E+00  0.79727E-01
  0.83412E+00  0.59486E-01
  0.84701E+00  0.44261E-01
  0.85641E+00  0.32967E-01
  0.86333E+00  0.24706E-01
  0.86848E+00  0.18777E-01
  0.87241E+00  0.14652E-01
  0.87552E+00  0.11952E-01
  0.87812E+00  0.10425E-01
  0.88048E+00  0.99281E-02
  0.88284E+00  0.10417E-01
  0.88542E+00  0.11944E-01
  0.88849E+00  0.14664E-01
  0.89235E+00  0.18852E-01
  0.89739E+00  0.24931E-01
  0.90410E+00  0.33516E-01
  0.91317E+00  0.45475E-01
  0.92549E+00  0.62026E-01
  0.94228E+00  0.84860E-01
  0.96518E+00  0.11633E+00
  0.99644E+00  0.15970E+00
  0.10390E+01  0.21955E+00
  0.10969E+01  0.30232E+00
  0.11749E+01  0.41721E+00
  0.12789E+01  0.57752E+00
  0.14139E+01  0.80306E+00
  0.15801E+01  0.11237E+01
  0.17587E+01  0.15857E+01
  0.18727E+01  0.22621E+01
  0.17129E+01  0.31746E+01
  0.10054E+01  0.41001E+01
  0.16053E-12  0.44559E+01
  0.18485E-12  0.28272E+00
  0.14785E+00  0.27552E+00
  0.28738E+00  0.25537E+00
  0.41208E+00  0.22590E+00
  0.51820E+00  0.19175E+00
  0.60489E+00  0.15714E+00
  0.67344E+00  0.12518E+00
  0.72635E+00  0.97521E-01
  0.76651E+00  0.74713E-01
  0.79662E+00  0.56552E-01
  0.81905E+00  0.42462E-01
  0.83570E+00  0.31744E-01
  0.84805E+00  0.23728E-01
  0.85725E+00  0.17829E-01
  0.86417E+00  0.13576E-01
  0.86948E+00  0.10609E-01
  0.87370E+00  0.86627E-02
  0.87725E+00  0.75618E-02
  0.88048E+00  0.72055E-02
  0.88371E+00  0.75634E-02
  0.88725E+00  0.86745E-02
  0.89147E+00  0.10652E-01
  0.89678E+00  0.13698E-01
  0.90372E+00  0.18118E-01
  0.91298E+00  0.24363E-01
  0.92549E+00  0.33066E-01
  0.94251E+00  0.45119E-01
  0.96576E+00  0.61765E-01
  0.99757E+00  0.84739E-01
  0.10412E+01  0.11648E+00
  0.11010E+01  0.16045E+00
  0.11831E+01  0.22164E+00
  0.12957E+01  0.30743E+00
  0.14500E+01  0.42928E+00
  0.16610E+01  0.60562E+00
  0.19463E+01  0.87051E+00
  0.23249E+01  0.12824E+01
  0.27758E+01  0.19899E+01
  0.31119E+01  0.33835E+01
  0.26650E+01  0.52307E+01
  0.26550E-12  0.64425E+01
  0.11089E-12  0.13794E+00
  0.13788E+00  0.13465E+00
  0.26924E+00  0.12542E+00
  0.38871E+00  0.11176E+00
  0.49282E+00  0.95697E-01
  0.58019E+00  0.79150E-01
  0.65121E+00  0.63598E-01
  0.70746E+00  0.49926E-01
  0.75110E+00  0.38493E-01
  0.78446E+00  0.29285E-01
  0.80967E+00  0.22074E-01
  0.82860E+00  0.16552E-01
  0.84277E+00  0.12400E-01
  0.85339E+00  0.93327E-02
  0.86142E+00  0.71155E-02
  0.86761E+00  0.55652E-02
  0.87255E+00  0.45474E-02
  0.87670E+00  0.39715E-02
  0.88048E+00  0.37857E-02
  0.88427E+00  0.39748E-02
  0.88843E+00  0.45595E-02
  0.89339E+00  0.55999E-02
  0.89963E+00  0.72017E-02
  0.90779E+00  0.95271E-02
  0.91868E+00  0.12813E-01
  0.93341E+00  0.17393E-01
  0.95346E+00  0.23740E-01
  0.98088E+00  0.32510E-01
  0.10185E+01  0.44628E-01
  0.10701E+01  0.61399E-01
  0.11412E+01  0.84693E-01
  0.12394E+01  0.11725E+00
  0.13756E+01  0.16326E+00
  0.15657E+01  0.22938E+00
  0.18336E+01  0.32751E+00
  0.22189E+01  0.47826E+00
  0.27834E+01  0.74187E+00
  0.36871E+01  0.11499E+01
  0.49566E+01  0.28032E+01
  0.87526E+01  0.88898E+01
  0.20065E-13  0.11248E+02
  0.28422E-13  -0.11369E-12
  0.13474E+00  -0.62528E-12
  0.26350E+00  0.28422E-13
  0.38125E+00  -0.71054E-12
  0.48465E+00  0.22737E-12
  0.57215E+00  -0.42633E-12
  0.64389E+00  0.19895E-12
  0.70118E+00  0.85265E-13
  0.74594E+00  -0.36948E-12
  0.78036E+00  -0.48317E-12
  0.80650E+00  0.28422E-12
  0.82619E+00  -0.19895E-12
  0.84097E+00  -0.22737E-12
  0.85207E+00  0.17053E-12
  0.86048E+00  0.71054E-12
  0.86697E+00  -0.48317E-12
  0.87215E+00  -0.85265E-12
  0.87651E+00  -0.28422E-13
  0.88049E+00  0.25580E-12
  0.88446E+00  0.31264E-12
  0.88884E+00  0.56843E-12
  0.89404E+00  0.36948E-12
  0.90061E+00  -0.19895E-12
  0.90919E+00  -0.79581E-12
  0.92064E+00  0.00000E+00
  0.93613E+00  -0.28422E-12
  0.95723E+00  0.11369E-12
  0.98609E+00  0.56843E-12
  0.10257E+01  -0.25580E-12
  0.10801E+01  -0.14211E-12
  0.11552E+01  -0.14211E-12
  0.12590E+01  0.36948E-12
  0.14036E+01  0.56843E-13
  0.16065E+01  -0.48317E-12
  0.18959E+01  -0.22737E-12
  0.23192E+01  0.54001E-12
  0.29687E+01  -0.56843E-13
  0.40366E+01  0.31264E-12
  0.61667E+01  0.34106E-12
  0.11110E+02  0.85265E-12
 -0.71054E-14  -0.63822E-12
