  vx           vy
 -0.20213E-13  0.35527E-13
  0.11194E+02  0.21316E-12
  0.63275E+01  -0.67502E-13
  0.42640E+01  0.42633E-13
  0.32495E+01  0.74607E-13
  0.26397E+01  -0.16165E-12
  0.22446E+01  0.17764E-13
  0.19753E+01  -0.11546E-12
  0.17894E+01  -0.69278E-13
  0.16649E+01  -0.10658E-12
  0.15910E+01  -0.10658E-13
  0.15653E+01  -0.14388E-12
  0.15928E+01  0.21316E-13
  0.16893E+01  -0.49738E-13
  0.18893E+01  0.47962E-13
  0.22804E+01  0.11546E-12
  0.30227E+01  0.23093E-13
  0.51291E+01  -0.74607E-13
  0.92403E+01  0.18652E-13
  0.10025E+02  -0.17764E-13
  0.99944E+01  -0.10436E-13
  0.10025E+02  0.13323E-13
  0.92248E+01  0.22649E-13
  0.50323E+01  0.93259E-13
  0.28279E+01  -0.48850E-13
  0.19847E+01  -0.74607E-13
  0.14875E+01  0.36415E-13
  0.11743E+01  -0.35527E-14
  0.95481E+00  0.23981E-13
  0.79116E+00  0.90594E-13
  0.66277E+00  -0.61284E-13
  0.55797E+00  0.74607E-13
  0.46954E+00  -0.80824E-13
  0.39282E+00  -0.47962E-13
  0.32462E+00  -0.69278E-13
  0.26270E+00  -0.28422E-13
  0.20538E+00  0.21316E-13
  0.15139E+00  0.13323E-12
  0.99719E-01  0.79936E-13
  0.49506E-01  0.55067E-13
 -0.12479E-12  0.59400E-13
 -0.62386E-13  0.11161E+02
  0.58856E+01  0.58530E+01
  0.53834E+01  0.21758E+01
  0.38665E+01  0.11690E+01
  0.30726E+01  0.68977E+00
  0.25428E+01  0.44862E+00
  0.21858E+01  0.30607E+00
  0.19357E+01  0.21388E+00
  0.17600E+01  0.14815E+00
  0.16403E+01  0.96296E-01
  0.15677E+01  0.50295E-01
  0.15398E+01  0.35361E-02
  0.15602E+01  -0.51207E-01
  0.16414E+01  -0.12662E+00
  0.18064E+01  -0.23646E+00
  0.21250E+01  -0.48386E+00
  0.25809E+01  -0.62629E+00
  0.42836E+01  -0.40125E+01
  0.22046E-03  -0.15982E-03
  0.84532E-04  -0.26356E-04
  0.10509E-03  -0.61222E-05
  0.84486E-04  0.79221E-04
  0.22083E-03  0.78933E+01
  0.41887E+01  0.18485E+01
  0.23877E+01  0.10339E+01
  0.18318E+01  0.54768E+00
  0.14081E+01  0.35279E+00
  0.11313E+01  0.24281E+00
  0.92870E+00  0.17932E+00
  0.77439E+00  0.13909E+00
  0.65144E+00  0.11239E+00
  0.55004E+00  0.93915E-01
  0.46384E+00  0.80756E-01
  0.38866E+00  0.71184E-01
  0.32155E+00  0.64133E-01
  0.26044E+00  0.58922E-01
  0.20374E+00  0.55102E-01
  0.15025E+00  0.52378E-01
  0.98999E-01  0.50553E-01
  0.49157E-01  0.49504E-01
 -0.41658E-13  0.49161E-01
 -0.16999E-12  0.62622E+01
  0.22085E+01  0.53182E+01
  0.32439E+01  0.31788E+01
  0.30366E+01  0.18647E+01
  0.26268E+01  0.11998E+01
  0.22903E+01  0.80994E+00
  0.20255E+01  0.56759E+00
  0.18252E+01  0.40354E+00
  0.16764E+01  0.28341E+00
  0.15702E+01  0.18707E+00
  0.15013E+01  0.10113E+00
  0.14676E+01  0.14477E-01
  0.14702E+01  -0.85382E-01
  0.15123E+01  -0.21484E+00
  0.16026E+01  -0.41118E+00
  0.17191E+01  -0.70268E+00
  0.19222E+01  -0.13605E+01
  0.13559E+01  -0.24583E+01
  0.15760E-03  -0.21968E-04
  0.15037E-03  -0.34200E-04
  0.12894E-03  0.47305E-05
  0.15005E-03  0.24071E-04
  0.15648E-03  0.34891E+01
  0.12623E+01  0.28533E+01
  0.17339E+01  0.14537E+01
  0.14330E+01  0.93676E+00
  0.12145E+01  0.62235E+00
  0.10161E+01  0.44711E+00
  0.85764E+00  0.33722E+00
  0.72761E+00  0.26575E+00
  0.61942E+00  0.21705E+00
  0.52739E+00  0.18279E+00
  0.44745E+00  0.15808E+00
  0.37660E+00  0.13994E+00
  0.31262E+00  0.12648E+00
  0.25384E+00  0.11649E+00
  0.19895E+00  0.10913E+00
  0.14692E+00  0.10387E+00
  0.96890E-01  0.10034E+00
  0.48135E-01  0.98312E-01
  0.19769E-12  0.97647E-01
  0.16654E-12  0.41660E+01
  0.12018E+01  0.37687E+01
  0.19299E+01  0.29392E+01
  0.21712E+01  0.20740E+01
  0.21088E+01  0.14553E+01
  0.19583E+01  0.10419E+01
  0.18021E+01  0.75716E+00
  0.16641E+01  0.55256E+00
  0.15512E+01  0.39635E+00
  0.14637E+01  0.26796E+00
  0.14005E+01  0.15248E+00
  0.13601E+01  0.37180E-01
  0.13406E+01  -0.91234E-01
  0.13388E+01  -0.25064E+00
  0.13415E+01  -0.46431E+00
  0.13259E+01  -0.77729E+00
  0.11602E+01  -0.12305E+01
  0.73510E+00  -0.17627E+01
  0.16758E-03  -0.21606E-04
  0.15719E-03  -0.10474E-04
  0.15552E-03  0.77168E-06
  0.15654E-03  0.16353E-04
  0.16617E-03  0.22481E+01
  0.64513E+00  0.20014E+01
  0.97906E+00  0.15360E+01
  0.10512E+01  0.10730E+01
  0.96967E+00  0.78408E+00
  0.86480E+00  0.58964E+00
  0.75772E+00  0.46029E+00
  0.65960E+00  0.37105E+00
  0.57158E+00  0.30806E+00
  0.49292E+00  0.26255E+00
  0.42214E+00  0.22908E+00
  0.35780E+00  0.20415E+00
  0.29859E+00  0.18547E+00
  0.24342E+00  0.17147E+00
  0.19135E+00  0.16112E+00
  0.14161E+00  0.15367E+00
  0.93524E-01  0.14866E+00
  0.46503E-01  0.14577E+00
 -0.15950E-12  0.14483E+00
  0.19977E-12  0.31183E+01
  0.72313E+00  0.29418E+01
  0.12658E+01  0.24971E+01
  0.15529E+01  0.19805E+01
  0.16438E+01  0.15162E+01
  0.16232E+01  0.11504E+01
  0.15564E+01  0.87136E+00
  0.14770E+01  0.65568E+00
  0.14004E+01  0.48281E+00
  0.13329E+01  0.33644E+00
  0.12767E+01  0.20345E+00
  0.12310E+01  0.72258E-01
  0.11926E+01  -0.68777E-01
  0.11539E+01  -0.23241E+00
  0.10996E+01  -0.43336E+00
  0.99517E+00  -0.68338E+00
  0.79466E+00  -0.97250E+00
  0.44941E+00  -0.12172E+01
  0.17142E-03  -0.12897E-04
  0.16775E-03  -0.69217E-05
  0.16535E-03  0.21412E-05
  0.16702E-03  0.10113E-04
  0.16989E-03  0.16907E+01
  0.36408E+00  0.15912E+01
  0.62309E+00  0.13446E+01
  0.73552E+00  0.10769E+01
  0.74907E+00  0.84577E+00
  0.70871E+00  0.67266E+00
  0.64798E+00  0.54501E+00
  0.58095E+00  0.45148E+00
  0.51431E+00  0.38234E+00
  0.45057E+00  0.33072E+00
  0.39046E+00  0.29182E+00
  0.33392E+00  0.26231E+00
  0.28057E+00  0.23988E+00
  0.22992E+00  0.22290E+00
  0.18145E+00  0.21024E+00
  0.13466E+00  0.20108E+00
  0.89109E-01  0.19490E+00
  0.44357E-01  0.19132E+00
  0.14302E-12  0.19014E+00
  0.12158E-12  0.24743E+01
  0.48319E+00  0.23783E+01
  0.87804E+00  0.21282E+01
  0.11415E+01  0.17994E+01
  0.12790E+01  0.14673E+01
  0.13261E+01  0.11716E+01
  0.13192E+01  0.92322E+00
  0.12850E+01  0.71719E+00
  0.12393E+01  0.54357E+00
  0.11904E+01  0.39193E+00
  0.11419E+01  0.25263E+00
  0.10939E+01  0.11676E+00
  0.10429E+01  -0.24064E-01
  0.98181E+00  -0.17753E+00
  0.89708E+00  -0.34899E+00
  0.76947E+00  -0.53658E+00
  0.57670E+00  -0.72046E+00
  0.31338E+00  -0.86288E+00
  0.17687E-03  -0.92215E-05
  0.17408E-03  -0.37894E-05
  0.17295E-03  0.21992E-05
  0.17334E-03  0.84056E-05
  0.17536E-03  0.13671E+01
  0.23361E+00  0.13152E+01
  0.41652E+00  0.11833E+01
  0.52760E+00  0.10140E+01
  0.57163E+00  0.85005E+00
  0.57031E+00  0.70945E+00
  0.54244E+00  0.59659E+00
  0.50111E+00  0.50818E+00
  0.45375E+00  0.43961E+00
  0.40441E+00  0.38653E+00
  0.35513E+00  0.34541E+00
  0.30683E+00  0.31356E+00
  0.25986E+00  0.28895E+00
  0.21425E+00  0.27010E+00
  0.16986E+00  0.25590E+00
  0.12649E+00  0.24558E+00
  0.83897E-01  0.23856E+00
  0.41819E-01  0.23449E+00
 -0.16932E-12  0.23315E+00
  0.39663E-14  0.20431E+01
  0.34294E+00  0.19858E+01
  0.63975E+00  0.18300E+01
  0.86163E+00  0.16127E+01
  0.10041E+01  0.13737E+01
  0.10795E+01  0.11421E+01
  0.11067E+01  0.93190E+00
  0.11029E+01  0.74635E+00
  0.10803E+01  0.58259E+00
  0.10467E+01  0.43530E+00
  0.10059E+01  0.29849E+00
  0.95853E+00  0.16633E+00
  0.90209E+00  0.33659E-01
  0.83112E+00  -0.10316E+00
  0.73713E+00  -0.24462E+00
  0.60979E+00  -0.38515E+00
  0.44158E+00  -0.51084E+00
  0.23337E+00  -0.59994E+00
  0.18115E-03  -0.63108E-05
  0.17923E-03  -0.20811E-05
  0.17829E-03  0.26127E-05
  0.17852E-03  0.72767E-05
  0.17972E-03  0.11603E+01
  0.15981E+00  0.11307E+01
  0.29407E+00  0.10509E+01
  0.38760E+00  0.94218E+00
  0.43923E+00  0.82597E+00
  0.45627E+00  0.71748E+00
  0.44908E+00  0.62341E+00
  0.42645E+00  0.54521E+00
  0.39471E+00  0.48163E+00
  0.35795E+00  0.43059E+00
  0.31867E+00  0.38991E+00
  0.27834E+00  0.35769E+00
  0.23776E+00  0.33238E+00
  0.19734E+00  0.31272E+00
  0.15726E+00  0.29776E+00
  0.11755E+00  0.28680E+00
  0.78166E-01  0.27932E+00
  0.39021E-01  0.27496E+00
  0.22198E-12  0.27353E+00
  0.23801E-12  0.17345E+01
  0.25469E+00  0.16974E+01
  0.48281E+00  0.15942E+01
  0.66596E+00  0.14438E+01
  0.79736E+00  0.12688E+01
  0.88043E+00  0.10883E+01
  0.92402E+00  0.91460E+00
  0.93815E+00  0.75322E+00
  0.93130E+00  0.60502E+00
  0.90943E+00  0.46823E+00
  0.87585E+00  0.33985E+00
  0.83146E+00  0.21672E+00
  0.77492E+00  0.96239E-01
  0.70290E+00  -0.22718E-01
  0.61070E+00  -0.13871E+00
  0.49373E+00  -0.24655E+00
  0.34980E+00  -0.33687E+00
  0.18210E+00  -0.39796E+00
  0.18473E-03  -0.41966E-05
  0.18323E-03  -0.75626E-06
  0.18250E-03  0.29352E-05
  0.18257E-03  0.66625E-05
  0.18341E-03  0.10176E+01
  0.11513E+00  0.99913E+00
  0.21572E+00  0.94810E+00
  0.29228E+00  0.87499E+00
  0.34161E+00  0.79219E+00
  0.36601E+00  0.70970E+00
  0.37044E+00  0.63383E+00
  0.36034E+00  0.56744E+00
  0.34029E+00  0.51114E+00
  0.31375E+00  0.46436E+00
  0.28312E+00  0.42603E+00
  0.25001E+00  0.39501E+00
  0.21544E+00  0.37021E+00
  0.18006E+00  0.35068E+00
  0.14426E+00  0.33568E+00
  0.10826E+00  0.32459E+00
  0.72192E-01  0.31698E+00
  0.36097E-01  0.31253E+00
 -0.14669E-12  0.31107E+00
 -0.30335E-12  0.15038E+01
  0.19529E+00  0.14784E+01
  0.37430E+00  0.14064E+01
  0.52469E+00  0.12983E+01
  0.64032E+00  0.11673E+01
  0.72093E+00  0.10261E+01
  0.77026E+00  0.88383E+00
  0.79374E+00  0.74626E+00
  0.79668E+00  0.61579E+00
  0.78323E+00  0.49270E+00
  0.75602E+00  0.37611E+00
  0.71605E+00  0.26479E+00
  0.66284E+00  0.15793E+00
  0.59476E+00  0.55742E-01
  0.50968E+00  -0.39797E-01
  0.40595E+00  -0.12459E+00
  0.28376E+00  -0.19260E+00
  0.14632E+00  -0.23705E+00
  0.18766E-03  -0.25234E-05
  0.18646E-03  0.27016E-06
  0.18585E-03  0.32496E-05
  0.18586E-03  0.62567E-05
  0.18646E-03  0.91417E+00
  0.86109E-01  0.90196E+00
  0.16338E+00  0.86762E+00
  0.22555E+00  0.81688E+00
  0.26961E+00  0.75693E+00
  0.29570E+00  0.69442E+00
  0.30609E+00  0.63423E+00
  0.30386E+00  0.57932E+00
  0.29211E+00  0.53102E+00
  0.27345E+00  0.48965E+00
  0.24992E+00  0.45488E+00
  0.22304E+00  0.42615E+00
  0.19387E+00  0.40280E+00
  0.16316E+00  0.38417E+00
  0.13143E+00  0.36971E+00
  0.99043E-01  0.35895E+00
  0.66231E-01  0.35152E+00
  0.33172E-01  0.34716E+00
  0.21119E-12  0.34572E+00
  0.20540E-12  0.13260E+01
  0.15334E+00  0.13078E+01
  0.29609E+00  0.12555E+01
  0.41978E+00  0.11753E+01
  0.51930E+00  0.10753E+01
  0.59308E+00  0.96372E+00
  0.64227E+00  0.84758E+00
  0.66955E+00  0.73168E+00
  0.67802E+00  0.61891E+00
  0.67039E+00  0.51061E+00
  0.64858E+00  0.40719E+00
  0.61357E+00  0.30869E+00
  0.56546E+00  0.21537E+00
  0.50374E+00  0.12813E+00
  0.42778E+00  0.48925E-01
  0.33745E+00  -0.19164E-01
  0.23386E+00  -0.72179E-01
  0.11990E+00  -0.10606E+00
  0.19006E-03  -0.11763E-05
  0.18908E-03  0.11082E-05
  0.18856E-03  0.35315E-05
  0.18854E-03  0.59859E-05
  0.18899E-03  0.83625E+00
  0.66399E-01  0.82784E+00
  0.12706E+00  0.80391E+00
  0.17780E+00  0.76776E+00
  0.21608E+00  0.72375E+00
  0.24130E+00  0.67628E+00
  0.25430E+00  0.62896E+00
  0.25678E+00  0.58431E+00
  0.25068E+00  0.54385E+00
  0.23787E+00  0.50826E+00
  0.21997E+00  0.47768E+00
  0.19827E+00  0.45193E+00
  0.17377E+00  0.43068E+00
  0.14724E+00  0.41353E+00
  0.11925E+00  0.40008E+00
  0.90225E-01  0.39000E+00
  0.60506E-01  0.38300E+00
  0.30356E-01  0.37888E+00
  0.82662E-13  0.37752E+00
  0.82164E-13  0.11858E+01
  0.12255E+00  0.11723E+01
  0.23789E+00  0.11331E+01
  0.33998E+00  0.10720E+01
  0.42472E+00  0.99429E+00
  0.49019E+00  0.90545E+00
  0.53627E+00  0.81056E+00
  0.56407E+00  0.71358E+00
  0.57525E+00  0.61732E+00
  0.57148E+00  0.52356E+00
  0.55412E+00  0.43339E+00
  0.52403E+00  0.34758E+00
  0.48163E+00  0.26699E+00
  0.42708E+00  0.19280E+00
  0.36056E+00  0.12678E+00
  0.28267E+00  0.71240E-01
  0.19484E+00  0.28853E-01
  0.99538E-01  0.21751E-02
  0.19203E-03  -0.68485E-07
  0.19122E-03  0.18024E-05
  0.19078E-03  0.37837E-05
  0.19074E-03  0.57954E-05
  0.19109E-03  0.77577E+00
  0.52558E-01  0.76981E+00
  0.10119E+00  0.75271E+00
  0.14302E+00  0.72646E+00
  0.17600E+00  0.69381E+00
  0.19931E+00  0.65770E+00
  0.21311E+00  0.62073E+00
  0.21823E+00  0.58493E+00
  0.21587E+00  0.55168E+00
  0.20731E+00  0.52178E+00
  0.19375E+00  0.49560E+00
  0.17624E+00  0.47321E+00
  0.15567E+00  0.45447E+00
  0.13275E+00  0.43918E+00
  0.10807E+00  0.42710E+00
  0.82088E-01  0.41798E+00
  0.55201E-01  0.41162E+00
  0.27740E-01  0.40787E+00
  0.14563E-12  0.40663E+00
  0.97440E-14  0.10733E+01
  0.99291E-01  0.10630E+01
  0.19347E+00  0.10329E+01
  0.27809E+00  0.98554E+00
  0.34991E+00  0.92426E+00
  0.40699E+00  0.85295E+00
  0.44867E+00  0.77530E+00
  0.47519E+00  0.69451E+00
  0.48732E+00  0.61307E+00
  0.48604E+00  0.53285E+00
  0.47226E+00  0.45523E+00
  0.44672E+00  0.38137E+00
  0.40997E+00  0.31236E+00
  0.36250E+00  0.24947E+00
  0.30491E+00  0.19425E+00
  0.23811E+00  0.14847E+00
  0.16357E+00  0.11400E+00
  0.83382E-01  0.92525E-01
  0.19365E-03  0.85296E-06
  0.19297E-03  0.23842E-05
  0.19260E-03  0.40056E-05
  0.19255E-03  0.56563E-05
  0.19283E-03  0.72756E+00
  0.42623E-01  0.72326E+00
  0.82433E-01  0.71085E+00
  0.11738E+00  0.69158E+00
  0.14586E+00  0.66724E+00
  0.16701E+00  0.63981E+00
  0.18067E+00  0.61116E+00
  0.18718E+00  0.58285E+00
  0.18725E+00  0.55605E+00
  0.18170E+00  0.53152E+00
  0.17142E+00  0.50971E+00
  0.15723E+00  0.49080E+00
  0.13987E+00  0.47480E+00
  0.12000E+00  0.46164E+00
  0.98162E-01  0.45116E+00
  0.74843E-01  0.44322E+00
  0.50463E-01  0.43765E+00
  0.25399E-01  0.43437E+00
 -0.24778E-14  0.43328E+00
 -0.17870E-12  0.98186E+00
  0.81332E-01  0.97384E+00
  0.15891E+00  0.95037E+00
  0.22938E+00  0.91305E+00
  0.29014E+00  0.86422E+00
  0.33944E+00  0.80662E+00
  0.37637E+00  0.74301E+00
  0.40074E+00  0.67591E+00
  0.41279E+00  0.60747E+00
  0.41305E+00  0.53946E+00
  0.40211E+00  0.47333E+00
  0.38058E+00  0.41034E+00
  0.34905E+00  0.35167E+00
  0.30814E+00  0.29855E+00
  0.25860E+00  0.25232E+00
  0.20147E+00  0.21435E+00
  0.13811E+00  0.18602E+00
  0.70313E-01  0.16849E+00
  0.19498E-03  0.16261E-05
  0.19440E-03  0.28747E-05
  0.19408E-03  0.41981E-05
  0.19404E-03  0.55495E-05
  0.19427E-03  0.68816E+00
  0.35410E-01  0.68504E+00
  0.68709E-01  0.67599E+00
  0.98404E-01  0.66183E+00
  0.12321E+00  0.64373E+00
  0.14233E+00  0.62306E+00
  0.15545E+00  0.60114E+00
  0.16263E+00  0.57917E+00
  0.16424E+00  0.55805E+00
  0.16082E+00  0.53848E+00
  0.15298E+00  0.52086E+00
  0.14136E+00  0.50544E+00
  0.12658E+00  0.49230E+00
  0.10919E+00  0.48141E+00
  0.89723E-01  0.47270E+00
  0.68648E-01  0.46607E+00
  0.46401E-01  0.46142E+00
  0.23389E-01  0.45867E+00
  0.23575E-13  0.45776E+00
 -0.14969E-12  0.90674E+00
  0.67242E-01  0.90042E+00
  0.13164E+00  0.88185E+00
  0.19061E+00  0.85215E+00
  0.24205E+00  0.81295E+00
  0.28441E+00  0.76625E+00
  0.31676E+00  0.71411E+00
  0.33866E+00  0.65855E+00
  0.35007E+00  0.60136E+00
  0.35124E+00  0.54415E+00
  0.34254E+00  0.48828E+00
  0.32446E+00  0.43500E+00
  0.29755E+00  0.38545E+00
  0.26246E+00  0.34077E+00
  0.21999E+00  0.30210E+00
  0.17115E+00  0.27055E+00
  0.11718E+00  0.24714E+00
  0.59619E-01  0.23273E+00
  0.19605E-03  0.22790E-05
  0.19556E-03  0.32894E-05
  0.19530E-03  0.43628E-05
  0.19526E-03  0.54624E-05
  0.19545E-03  0.65513E+00
  0.30175E-01  0.65288E+00
  0.58696E-01  0.64634E+00
  0.84447E-01  0.63605E+00
  0.10638E+00  0.62279E+00
  0.12377E+00  0.60750E+00
  0.13623E+00  0.59113E+00
  0.14368E+00  0.57455E+00
  0.14628E+00  0.55846E+00
  0.14435E+00  0.54342E+00
  0.13831E+00  0.52979E+00
  0.12865E+00  0.51779E+00
  0.11587E+00  0.50752E+00
  0.10045E+00  0.49899E+00
  0.82881E-01  0.49216E+00
  0.63617E-01  0.48695E+00
  0.43100E-01  0.48331E+00
  0.21755E-01  0.48115E+00
  0.27998E-13  0.48043E+00
  0.78438E-13  0.84445E+00
  0.56065E-01  0.83942E+00
  0.10992E+00  0.82461E+00
  0.15954E+00  0.80081E+00
  0.20319E+00  0.76922E+00
  0.23954E+00  0.73128E+00
  0.26769E+00  0.68859E+00
  0.28713E+00  0.64274E+00
  0.29765E+00  0.59523E+00
  0.29931E+00  0.54745E+00
  0.29236E+00  0.50063E+00
  0.27718E+00  0.45591E+00
  0.25426E+00  0.41436E+00
  0.22422E+00  0.37699E+00
  0.18783E+00  0.34476E+00
  0.14601E+00  0.31856E+00
  0.99909E-01  0.29920E+00
  0.50819E-01  0.28731E+00
  0.19692E-03  0.28334E-05
  0.19650E-03  0.36407E-05
  0.19628E-03  0.45012E-05
  0.19625E-03  0.53862E-05
  0.19642E-03  0.62669E+00
  0.26438E-01  0.62511E+00
  0.51523E-01  0.62052E+00
  0.74394E-01  0.61326E+00
  0.94171E-01  0.60387E+00
  0.11020E+00  0.59300E+00
  0.12208E+00  0.58129E+00
  0.12963E+00  0.56938E+00
  0.13288E+00  0.55778E+00
  0.13199E+00  0.54691E+00
  0.12727E+00  0.53705E+00
  0.11907E+00  0.52838E+00
  0.10779E+00  0.52098E+00
  0.93861E-01  0.51486E+00
  0.77730E-01  0.50998E+00
  0.59836E-01  0.50629E+00
  0.40623E-01  0.50371E+00
  0.20531E-01  0.50218E+00
  0.15665E-12  0.50168E+00
  0.42287E-13  0.79235E+00
  0.47140E-01  0.78833E+00
  0.92529E-01  0.77647E+00
  0.13453E+00  0.75735E+00
  0.17173E+00  0.73185E+00
  0.20297E+00  0.70106E+00
  0.22743E+00  0.66621E+00
  0.24457E+00  0.62856E+00
  0.25412E+00  0.58935E+00
  0.25603E+00  0.54975E+00
  0.25045E+00  0.51085E+00
  0.23768E+00  0.47365E+00
  0.21813E+00  0.43909E+00
  0.19238E+00  0.40805E+00
  0.16112E+00  0.38134E+00
  0.12522E+00  0.35969E+00
  0.85658E-01  0.34373E+00
  0.43573E-01  0.33395E+00
  0.19760E-03  0.33068E-05
  0.19724E-03  0.39383E-05
  0.19706E-03  0.46149E-05
  0.19704E-03  0.53145E-05
  0.19720E-03  0.60146E+00
  0.23882E-01  0.60042E+00
  0.46611E-01  0.59740E+00
  0.67496E-01  0.59263E+00
  0.85774E-01  0.58646E+00
  0.10085E+00  0.57931E+00
  0.11231E+00  0.57164E+00
  0.11993E+00  0.56387E+00
  0.12363E+00  0.55635E+00
  0.12350E+00  0.54936E+00
  0.11972E+00  0.54311E+00
  0.11256E+00  0.53769E+00
  0.10235E+00  0.53316E+00
  0.89477E-01  0.52949E+00
  0.74340E-01  0.52662E+00
  0.57374E-01  0.52450E+00
  0.39023E-01  0.52305E+00
  0.19745E-01  0.52221E+00
  0.15665E-12  0.52193E+00
  0.25234E-12  0.74838E+00
  0.39998E-01  0.74517E+00
  0.78578E-01  0.73568E+00
  0.11440E+00  0.72033E+00
  0.14629E+00  0.69980E+00
  0.17326E+00  0.67490E+00
  0.19456E+00  0.64661E+00
  0.20966E+00  0.61592E+00
  0.21827E+00  0.58384E+00
  0.22028E+00  0.55134E+00
  0.21577E+00  0.51935E+00
  0.20497E+00  0.48873E+00
  0.18824E+00  0.46029E+00
  0.16608E+00  0.43477E+00
  0.13911E+00  0.41284E+00
  0.10811E+00  0.39510E+00
  0.73958E-01  0.38204E+00
  0.37631E-01  0.37405E+00
  0.19812E-03  0.37138E-05
  0.19782E-03  0.41906E-05
  0.19766E-03  0.47056E-05
  0.19766E-03  0.52422E-05
  0.19781E-03  0.57834E+00
  0.22301E-01  0.57776E+00
  0.43576E-01  0.57607E+00
  0.63246E-01  0.57341E+00
  0.80627E-01  0.57002E+00
  0.95160E-01  0.56615E+00
  0.10643E+00  0.56208E+00
  0.11417E+00  0.55808E+00
  0.11825E+00  0.55435E+00
  0.11868E+00  0.55106E+00
  0.11556E+00  0.54830E+00
  0.10911E+00  0.54611E+00
  0.99595E-01  0.54446E+00
  0.87358E-01  0.54330E+00
  0.72785E-01  0.54252E+00
  0.56299E-01  0.54206E+00
  0.38354E-01  0.54180E+00
  0.19425E-01  0.54167E+00
  0.16764E-12  0.54164E+00
  0.14540E-13  0.71091E+00
  0.34295E-01  0.70835E+00
  0.67420E-01  0.70079E+00
  0.98268E-01  0.68855E+00
  0.12584E+00  0.67213E+00
  0.14928E+00  0.65217E+00
  0.16793E+00  0.62941E+00
  0.18129E+00  0.60466E+00
  0.18906E+00  0.57872E+00
  0.19109E+00  0.55240E+00
  0.18743E+00  0.52646E+00
  0.17823E+00  0.50162E+00
  0.16381E+00  0.47856E+00
  0.14460E+00  0.45788E+00
  0.12117E+00  0.44013E+00
  0.94194E-01  0.42579E+00
  0.64449E-01  0.41525E+00
  0.32807E-01  0.40881E+00
  0.19851E-03  0.40666E-05
  0.19824E-03  0.44044E-05
  0.19812E-03  0.47746E-05
  0.19813E-03  0.51652E-05
  0.19828E-03  0.55641E+00
  0.21560E-01  0.55623E+00
  0.42170E-01  0.55571E+00
  0.61318E-01  0.55495E+00
  0.78365E-01  0.55406E+00
  0.92771E-01  0.55317E+00
  0.10411E+00  0.55244E+00
  0.11210E+00  0.55199E+00
  0.11655E+00  0.55190E+00
  0.11742E+00  0.55221E+00
  0.11477E+00  0.55292E+00
  0.10874E+00  0.55398E+00
  0.99573E-01  0.55528E+00
  0.87585E-01  0.55671E+00
  0.73148E-01  0.55813E+00
  0.56688E-01  0.55940E+00
  0.38673E-01  0.56041E+00
  0.19603E-01  0.56106E+00
  0.19198E-13  0.56128E+00
  0.18887E-12  0.67861E+00
  0.29775E-01  0.67659E+00
  0.58570E-01  0.67064E+00
  0.85447E-01  0.66099E+00
  0.10955E+00  0.64802E+00
  0.13015E+00  0.63224E+00
  0.14664E+00  0.61421E+00
  0.15856E+00  0.59458E+00
  0.16561E+00  0.57399E+00
  0.16764E+00  0.55307E+00
  0.16464E+00  0.53246E+00
  0.15674E+00  0.51273E+00
  0.14420E+00  0.49442E+00
  0.12738E+00  0.47803E+00
  0.10681E+00  0.46399E+00
  0.83062E-01  0.45266E+00
  0.56854E-01  0.44434E+00
  0.28956E-01  0.43926E+00
  0.19876E-03  0.43756E-05
  0.19853E-03  0.45857E-05
  0.19843E-03  0.48230E-05
  0.19846E-03  0.50799E-05
  0.19861E-03  0.53485E+00
  0.21579E-01  0.53504E+00
  0.42246E-01  0.53562E+00
  0.61518E-01  0.53662E+00
  0.78773E-01  0.53808E+00
  0.93476E-01  0.54004E+00
  0.10519E+00  0.54252E+00
  0.11359E+00  0.54553E+00
  0.11846E+00  0.54903E+00
  0.11972E+00  0.55296E+00
  0.11736E+00  0.55719E+00
  0.11152E+00  0.56159E+00
  0.10239E+00  0.56596E+00
  0.90275E-01  0.57012E+00
  0.75546E-01  0.57387E+00
  0.58641E-01  0.57702E+00
  0.40052E-01  0.57940E+00
  0.20317E-01  0.58088E+00
  0.15169E-12  0.58138E+00
  0.37068E-13  0.65037E+00
  0.26247E-01  0.64881E+00
  0.51657E-01  0.64422E+00
  0.75426E-01  0.63677E+00
  0.96814E-01  0.62675E+00
  0.11517E+00  0.61456E+00
  0.12995E+00  0.60063E+00
  0.14073E+00  0.58547E+00
  0.14722E+00  0.56956E+00
  0.14926E+00  0.55343E+00
  0.14680E+00  0.53756E+00
  0.13993E+00  0.52239E+00
  0.12888E+00  0.50836E+00
  0.11396E+00  0.49582E+00
  0.95626E-01  0.48511E+00
  0.74415E-01  0.47649E+00
  0.50963E-01  0.47017E+00
  0.25972E-01  0.46632E+00
  0.19890E-03  0.46503E-05
  0.19870E-03  0.47396E-05
  0.19862E-03  0.48517E-05
  0.19866E-03  0.49829E-05
  0.19882E-03  0.51292E+00
  0.22319E-01  0.51347E+00
  0.43732E-01  0.51512E+00
  0.63755E-01  0.51784E+00
  0.81761E-01  0.52161E+00
  0.97199E-01  0.52638E+00
  0.10961E+00  0.53207E+00
  0.11863E+00  0.53857E+00
  0.12402E+00  0.54573E+00
  0.12564E+00  0.55338E+00
  0.12347E+00  0.56129E+00
  0.11760E+00  0.56921E+00
  0.10821E+00  0.57686E+00
  0.95596E-01  0.58396E+00
  0.80134E-01  0.59023E+00
  0.62287E-01  0.59542E+00
  0.42585E-01  0.59929E+00
  0.21615E-01  0.60169E+00
  0.16075E-12  0.60250E+00
 -0.16832E-12  0.62526E+00
  0.23565E-01  0.62411E+00
  0.46402E-01  0.62068E+00
  0.67809E-01  0.61513E+00
  0.87134E-01  0.60768E+00
  0.10379E+00  0.59862E+00
  0.11729E+00  0.58830E+00
  0.12723E+00  0.57708E+00
  0.13333E+00  0.56537E+00
  0.13540E+00  0.55353E+00
  0.13338E+00  0.54194E+00
  0.12734E+00  0.53092E+00
  0.11745E+00  0.52078E+00
  0.10398E+00  0.51178E+00
  0.87344E-01  0.50413E+00
  0.68030E-01  0.49800E+00
  0.46622E-01  0.49352E+00
  0.23776E-01  0.49080E+00
  0.19892E-03  0.48989E-05
  0.19874E-03  0.48707E-05
  0.19868E-03  0.48612E-05
  0.19874E-03  0.48707E-05
  0.19892E-03  0.48989E+00
  0.23776E-01  0.49081E+00
  0.46620E-01  0.49353E+00
  0.68027E-01  0.49800E+00
  0.87341E-01  0.50413E+00
  0.10398E+00  0.51178E+00
  0.11744E+00  0.52079E+00
  0.12733E+00  0.53093E+00
  0.13337E+00  0.54195E+00
  0.13539E+00  0.55354E+00
  0.13332E+00  0.56538E+00
  0.12722E+00  0.57709E+00
  0.11728E+00  0.58830E+00
  0.10378E+00  0.59863E+00
  0.87126E-01  0.60769E+00
  0.67803E-01  0.61514E+00
  0.46397E-01  0.62069E+00
  0.23562E-01  0.62411E+00
 -0.21471E-12  0.62526E+00
  0.22010E-12  0.60250E+00
  0.21617E-01  0.60169E+00
  0.42589E-01  0.59929E+00
  0.62292E-01  0.59541E+00
  0.80140E-01  0.59023E+00
  0.95603E-01  0.58395E+00
  0.10822E+00  0.57685E+00
  0.11761E+00  0.56920E+00
  0.12348E+00  0.56128E+00
  0.12565E+00  0.55338E+00
  0.12403E+00  0.54573E+00
  0.11863E+00  0.53856E+00
  0.10961E+00  0.53206E+00
  0.97201E-01  0.52637E+00
  0.81763E-01  0.52161E+00
  0.63755E-01  0.51784E+00
  0.43732E-01  0.51512E+00
  0.22320E-01  0.51347E+00
  0.19882E-03  0.51292E-05
  0.19866E-03  0.49828E-05
  0.19862E-03  0.48516E-05
  0.19870E-03  0.47395E-05
  0.19890E-03  0.46503E+00
  0.25970E-01  0.46632E+00
  0.50959E-01  0.47018E+00
  0.74411E-01  0.47649E+00
  0.95620E-01  0.48511E+00
  0.11395E+00  0.49583E+00
  0.12887E+00  0.50837E+00
  0.13992E+00  0.52240E+00
  0.14678E+00  0.53757E+00
  0.14924E+00  0.55344E+00
  0.14721E+00  0.56958E+00
  0.14072E+00  0.58548E+00
  0.12994E+00  0.60064E+00
  0.11516E+00  0.61457E+00
  0.96804E-01  0.62676E+00
  0.75418E-01  0.63677E+00
  0.51651E-01  0.64422E+00
  0.26244E-01  0.64882E+00
 -0.22953E-12  0.65037E+00
 -0.24394E-12  0.58138E+00
  0.20318E-01  0.58088E+00
  0.40055E-01  0.57940E+00
  0.58644E-01  0.57702E+00
  0.75551E-01  0.57387E+00
  0.90280E-01  0.57012E+00
  0.10239E+00  0.56596E+00
  0.11152E+00  0.56158E+00
  0.11737E+00  0.55719E+00
  0.11972E+00  0.55295E+00
  0.11846E+00  0.54903E+00
  0.11359E+00  0.54553E+00
  0.10519E+00  0.54252E+00
  0.93476E-01  0.54004E+00
  0.78773E-01  0.53808E+00
  0.61517E-01  0.53662E+00
  0.42245E-01  0.53562E+00
  0.21578E-01  0.53504E+00
  0.19861E-03  0.53484E-05
  0.19846E-03  0.50797E-05
  0.19843E-03  0.48228E-05
  0.19853E-03  0.45855E-05
  0.19876E-03  0.43756E+00
  0.28954E-01  0.43927E+00
  0.56850E-01  0.44435E+00
  0.83056E-01  0.45266E+00
  0.10680E+00  0.46399E+00
  0.12737E+00  0.47804E+00
  0.14418E+00  0.49443E+00
  0.15673E+00  0.51274E+00
  0.16463E+00  0.53247E+00
  0.16763E+00  0.55309E+00
  0.16560E+00  0.57400E+00
  0.15854E+00  0.59460E+00
  0.14662E+00  0.61423E+00
  0.13014E+00  0.63225E+00
  0.10954E+00  0.64803E+00
  0.85436E-01  0.66100E+00
  0.58562E-01  0.67065E+00
  0.29771E-01  0.67660E+00
 -0.26897E-12  0.67861E+00
 -0.23312E-12  0.56128E+00
  0.19604E-01  0.56106E+00
  0.38675E-01  0.56041E+00
  0.56691E-01  0.55940E+00
  0.73152E-01  0.55812E+00
  0.87589E-01  0.55670E+00
  0.99576E-01  0.55527E+00
  0.10874E+00  0.55397E+00
  0.11477E+00  0.55292E+00
  0.11742E+00  0.55221E+00
  0.11655E+00  0.55190E+00
  0.11210E+00  0.55199E+00
  0.10411E+00  0.55245E+00
  0.92767E-01  0.55318E+00
  0.78361E-01  0.55406E+00
  0.61315E-01  0.55495E+00
  0.42168E-01  0.55572E+00
  0.21558E-01  0.55623E+00
  0.19828E-03  0.55639E-05
  0.19813E-03  0.51649E-05
  0.19812E-03  0.47743E-05
  0.19824E-03  0.44041E-05
  0.19851E-03  0.40664E+00
  0.32804E-01  0.40881E+00
  0.64443E-01  0.41526E+00
  0.94186E-01  0.42580E+00
  0.12116E+00  0.44014E+00
  0.14459E+00  0.45789E+00
  0.16379E+00  0.47857E+00
  0.17821E+00  0.50164E+00
  0.18741E+00  0.52648E+00
  0.19107E+00  0.55242E+00
  0.18904E+00  0.57874E+00
  0.18127E+00  0.60468E+00
  0.16791E+00  0.62943E+00
  0.14926E+00  0.65219E+00
  0.12582E+00  0.67214E+00
  0.98254E-01  0.68857E+00
  0.67410E-01  0.70080E+00
  0.34289E-01  0.70836E+00
  0.76434E-13  0.71091E+00
 -0.68406E-14  0.54164E+00
  0.19426E-01  0.54167E+00
  0.38356E-01  0.54180E+00
  0.56301E-01  0.54205E+00
  0.72787E-01  0.54252E+00
  0.87360E-01  0.54329E+00
  0.99597E-01  0.54446E+00
  0.10911E+00  0.54611E+00
  0.11556E+00  0.54830E+00
  0.11868E+00  0.55106E+00
  0.11825E+00  0.55435E+00
  0.11416E+00  0.55808E+00
  0.10642E+00  0.56209E+00
  0.95153E-01  0.56615E+00
  0.80621E-01  0.57002E+00
  0.63240E-01  0.57342E+00
  0.43572E-01  0.57607E+00
  0.22298E-01  0.57776E+00
  0.19781E-03  0.57832E-05
  0.19766E-03  0.52418E-05
  0.19766E-03  0.47052E-05
  0.19782E-03  0.41902E-05
  0.19812E-03  0.37136E+00
  0.37627E-01  0.37406E+00
  0.73951E-01  0.38205E+00
  0.10810E+00  0.39511E+00
  0.13910E+00  0.41286E+00
  0.16606E+00  0.43479E+00
  0.18822E+00  0.46031E+00
  0.20495E+00  0.48875E+00
  0.21575E+00  0.51937E+00
  0.22026E+00  0.55136E+00
  0.21824E+00  0.58386E+00
  0.20963E+00  0.61594E+00
  0.19453E+00  0.64664E+00
  0.17324E+00  0.67493E+00
  0.14627E+00  0.69982E+00
  0.11439E+00  0.72035E+00
  0.78565E-01  0.73569E+00
  0.39991E-01  0.74517E+00
 -0.11689E-12  0.74838E+00
 -0.11626E-12  0.52193E+00
  0.19745E-01  0.52221E+00
  0.39025E-01  0.52305E+00
  0.57376E-01  0.52450E+00
  0.74342E-01  0.52662E+00
  0.89478E-01  0.52948E+00
  0.10235E+00  0.53316E+00
  0.11256E+00  0.53769E+00
  0.11972E+00  0.54311E+00
  0.12350E+00  0.54937E+00
  0.12363E+00  0.55635E+00
  0.11992E+00  0.56387E+00
  0.11230E+00  0.57165E+00
  0.10084E+00  0.57932E+00
  0.85764E-01  0.58647E+00
  0.67486E-01  0.59264E+00
  0.46604E-01  0.59741E+00
  0.23878E-01  0.60043E+00
  0.19720E-03  0.60143E-05
  0.19704E-03  0.53139E-05
  0.19706E-03  0.46144E-05
  0.19725E-03  0.39378E-05
  0.19760E-03  0.33066E+00
  0.43568E-01  0.33396E+00
  0.85648E-01  0.34374E+00
  0.12521E+00  0.35971E+00
  0.16111E+00  0.38136E+00
  0.19236E+00  0.40807E+00
  0.21811E+00  0.43911E+00
  0.23765E+00  0.47367E+00
  0.25043E+00  0.51087E+00
  0.25601E+00  0.54978E+00
  0.25409E+00  0.58938E+00
  0.24454E+00  0.62859E+00
  0.22740E+00  0.66624E+00
  0.20294E+00  0.70109E+00
  0.17170E+00  0.73188E+00
  0.13451E+00  0.75738E+00
  0.92511E-01  0.77649E+00
  0.47131E-01  0.78834E+00
  0.18505E-12  0.79235E+00
 -0.14742E-12  0.50168E+00
  0.20531E-01  0.50218E+00
  0.40624E-01  0.50370E+00
  0.59837E-01  0.50628E+00
  0.77731E-01  0.50998E+00
  0.93862E-01  0.51486E+00
  0.10779E+00  0.52098E+00
  0.11906E+00  0.52838E+00
  0.12727E+00  0.53706E+00
  0.13199E+00  0.54692E+00
  0.13287E+00  0.55779E+00
  0.12962E+00  0.56939E+00
  0.12207E+00  0.58131E+00
  0.11019E+00  0.59301E+00
  0.94155E-01  0.60389E+00
  0.74380E-01  0.61327E+00
  0.51512E-01  0.62053E+00
  0.26432E-01  0.62512E+00
  0.19642E-03  0.62666E-05
  0.19625E-03  0.53855E-05
  0.19628E-03  0.45004E-05
  0.19650E-03  0.36400E-05
  0.19692E-03  0.28331E+00
  0.50812E-01  0.28732E+00
  0.99896E-01  0.29922E+00
  0.14600E+00  0.31858E+00
  0.18781E+00  0.34478E+00
  0.22420E+00  0.37701E+00
  0.25424E+00  0.41439E+00
  0.27716E+00  0.45594E+00
  0.29234E+00  0.50065E+00
  0.29928E+00  0.54748E+00
  0.29761E+00  0.59527E+00
  0.28709E+00  0.64278E+00
  0.26766E+00  0.68863E+00
  0.23950E+00  0.73132E+00
  0.20315E+00  0.76925E+00
  0.15951E+00  0.80085E+00
  0.10990E+00  0.82464E+00
  0.56052E-01  0.83943E+00
 -0.29909E-13  0.84445E+00
 -0.17611E-13  0.48043E+00
  0.21756E-01  0.48115E+00
  0.43101E-01  0.48331E+00
  0.63619E-01  0.48695E+00
  0.82883E-01  0.49215E+00
  0.10045E+00  0.49898E+00
  0.11587E+00  0.50752E+00
  0.12865E+00  0.51779E+00
  0.13831E+00  0.52979E+00
  0.14434E+00  0.54343E+00
  0.14627E+00  0.55847E+00
  0.14367E+00  0.57456E+00
  0.13621E+00  0.59115E+00
  0.12374E+00  0.60752E+00
  0.10635E+00  0.62281E+00
  0.84425E-01  0.63607E+00
  0.58680E-01  0.64636E+00
  0.30166E-01  0.65289E+00
  0.19545E-03  0.65509E-05
  0.19526E-03  0.54615E-05
  0.19530E-03  0.43619E-05
  0.19556E-03  0.32885E-05
  0.19605E-03  0.22786E+00
  0.59610E-01  0.23273E+00
  0.11716E+00  0.24716E+00
  0.17112E+00  0.27057E+00
  0.21997E+00  0.30213E+00
  0.26243E+00  0.34080E+00
  0.29752E+00  0.38548E+00
  0.32443E+00  0.43502E+00
  0.34251E+00  0.48831E+00
  0.35121E+00  0.54418E+00
  0.35004E+00  0.60140E+00
  0.33862E+00  0.65859E+00
  0.31671E+00  0.71416E+00
  0.28436E+00  0.76630E+00
  0.24200E+00  0.81300E+00
  0.19057E+00  0.85219E+00
  0.13161E+00  0.88189E+00
  0.67224E-01  0.90044E+00
  0.10463E-12  0.90674E+00
 -0.78514E-13  0.45776E+00
  0.23390E-01  0.45867E+00
  0.46403E-01  0.46142E+00
  0.68650E-01  0.46607E+00
  0.89725E-01  0.47270E+00
  0.10919E+00  0.48140E+00
  0.12658E+00  0.49229E+00
  0.14136E+00  0.50544E+00
  0.15298E+00  0.52086E+00
  0.16081E+00  0.53848E+00
  0.16422E+00  0.55807E+00
  0.16261E+00  0.57918E+00
  0.15542E+00  0.60117E+00
  0.14230E+00  0.62309E+00
  0.12318E+00  0.64376E+00
  0.98373E-01  0.66186E+00
  0.68684E-01  0.67602E+00
  0.35396E-01  0.68505E+00
  0.19427E-03  0.68811E-05
  0.19404E-03  0.55484E-05
  0.19409E-03  0.41969E-05
  0.19440E-03  0.28735E-05
  0.19498E-03  0.16256E+00
  0.70300E-01  0.16851E+00
  0.13809E+00  0.18605E+00
  0.20144E+00  0.21438E+00
  0.25857E+00  0.25235E+00
  0.30811E+00  0.29859E+00
  0.34902E+00  0.35170E+00
  0.38055E+00  0.41037E+00
  0.40208E+00  0.47336E+00
  0.41301E+00  0.53949E+00
  0.41275E+00  0.60751E+00
  0.40069E+00  0.67596E+00
  0.37631E+00  0.74307E+00
  0.33937E+00  0.80669E+00
  0.29007E+00  0.86429E+00
  0.22932E+00  0.91311E+00
  0.15886E+00  0.95042E+00
  0.81305E-01  0.97387E+00
  0.29705E-12  0.98186E+00
 -0.53143E-13  0.43328E+00
  0.25400E-01  0.43436E+00
  0.50465E-01  0.43765E+00
  0.74846E-01  0.44321E+00
  0.98165E-01  0.45116E+00
  0.12000E+00  0.46164E+00
  0.13988E+00  0.47480E+00
  0.15723E+00  0.49079E+00
  0.17142E+00  0.50971E+00
  0.18169E+00  0.53153E+00
  0.18723E+00  0.55606E+00
  0.18716E+00  0.58287E+00
  0.18063E+00  0.61119E+00
  0.16697E+00  0.63985E+00
  0.14581E+00  0.66729E+00
  0.11733E+00  0.69163E+00
  0.82395E-01  0.71089E+00
  0.42602E-01  0.72328E+00
  0.19283E-03  0.72749E-05
  0.19256E-03  0.56549E-05
  0.19260E-03  0.40040E-05
  0.19297E-03  0.23828E-05
  0.19365E-03  0.85232E-01
  0.83362E-01  0.92546E-01
  0.16354E+00  0.11404E+00
  0.23807E+00  0.14852E+00
  0.30486E+00  0.19430E+00
  0.36246E+00  0.24951E+00
  0.40994E+00  0.31239E+00
  0.44669E+00  0.38139E+00
  0.47223E+00  0.45526E+00
  0.48601E+00  0.53288E+00
  0.48728E+00  0.61311E+00
  0.47514E+00  0.69456E+00
  0.44860E+00  0.77537E+00
  0.40691E+00  0.85303E+00
  0.34981E+00  0.92436E+00
  0.27800E+00  0.98564E+00
  0.19339E+00  0.10330E+01
  0.99250E-01  0.10630E+01
  0.18136E-13  0.10733E+01
  0.31461E-13  0.40663E+00
  0.27742E-01  0.40787E+00
  0.55204E-01  0.41162E+00
  0.82092E-01  0.41798E+00
  0.10807E+00  0.42709E+00
  0.13276E+00  0.43918E+00
  0.15567E+00  0.45446E+00
  0.17624E+00  0.47320E+00
  0.19375E+00  0.49560E+00
  0.20730E+00  0.52179E+00
  0.21586E+00  0.55169E+00
  0.21820E+00  0.58496E+00
  0.21307E+00  0.62077E+00
  0.19926E+00  0.65775E+00
  0.17593E+00  0.69388E+00
  0.14294E+00  0.72653E+00
  0.10114E+00  0.75277E+00
  0.52524E-01  0.76985E+00
  0.19109E-03  0.77569E-05
  0.19074E-03  0.57936E-05
  0.19078E-03  0.37817E-05
  0.19122E-03  0.18005E-05
  0.19204E-03  -0.69322E-02
  0.99506E-01  0.22094E-02
  0.19479E+00  0.28913E-01
  0.28261E+00  0.71308E-01
  0.36049E+00  0.12684E+00
  0.42703E+00  0.19285E+00
  0.48160E+00  0.26703E+00
  0.52401E+00  0.34761E+00
  0.55410E+00  0.43340E+00
  0.57146E+00  0.52358E+00
  0.57521E+00  0.61736E+00
  0.56401E+00  0.71364E+00
  0.53619E+00  0.81064E+00
  0.49008E+00  0.90557E+00
  0.42459E+00  0.99443E+00
  0.33984E+00  0.10722E+01
  0.23778E+00  0.11332E+01
  0.12249E+00  0.11723E+01
 -0.22255E-12  0.11858E+01
  0.11779E-12  0.37752E+00
  0.30358E-01  0.37888E+00
  0.60510E-01  0.38300E+00
  0.90231E-01  0.38999E+00
  0.11926E+00  0.40007E+00
  0.14725E+00  0.41352E+00
  0.17378E+00  0.43067E+00
  0.19828E+00  0.45192E+00
  0.21998E+00  0.47767E+00
  0.23787E+00  0.50826E+00
  0.25067E+00  0.54386E+00
  0.25675E+00  0.58434E+00
  0.25426E+00  0.62900E+00
  0.24123E+00  0.67635E+00
  0.21598E+00  0.72385E+00
  0.17769E+00  0.76787E+00
  0.12697E+00  0.80402E+00
  0.66341E-01  0.82791E+00
  0.18899E-03  0.83617E-05
  0.18854E-03  0.59832E-05
  0.18857E-03  0.35289E-05
  0.18908E-03  0.11054E-05
  0.19006E-03  -0.11772E+00
  0.11985E+00  -0.10600E+00
  0.23377E+00  -0.72083E-01
  0.33734E+00  -0.19057E-01
  0.42769E+00  0.49015E-01
  0.50368E+00  0.12819E+00
  0.56542E+00  0.21540E+00
  0.61356E+00  0.30870E+00
  0.64858E+00  0.40719E+00
  0.67039E+00  0.51061E+00
  0.67800E+00  0.61893E+00
  0.66950E+00  0.73173E+00
  0.64218E+00  0.84767E+00
  0.59293E+00  0.96387E+00
  0.51911E+00  0.10754E+01
  0.41957E+00  0.11755E+01
  0.29591E+00  0.12557E+01
  0.15323E+00  0.13079E+01
  0.47853E-13  0.13260E+01
 -0.37324E-13  0.34572E+00
  0.33175E-01  0.34715E+00
  0.66236E-01  0.35151E+00
  0.99051E-01  0.35894E+00
  0.13145E+00  0.36970E+00
  0.16317E+00  0.38416E+00
  0.19388E+00  0.40278E+00
  0.22305E+00  0.42614E+00
  0.24994E+00  0.45487E+00
  0.27346E+00  0.48963E+00
  0.29211E+00  0.53102E+00
  0.30384E+00  0.57933E+00
  0.30604E+00  0.63428E+00
  0.29561E+00  0.69451E+00
  0.26946E+00  0.75708E+00
  0.22538E+00  0.81706E+00
  0.16321E+00  0.86780E+00
  0.86014E-01  0.90206E+00
  0.18646E-03  0.91400E-05
  0.18586E-03  0.62542E-05
  0.18585E-03  0.32446E-05
  0.18646E-03  0.26754E-06
  0.18766E-03  -0.25253E+00
  0.14623E+00  -0.23695E+00
  0.28359E+00  -0.19242E+00
  0.40579E+00  -0.12442E+00
  0.50956E+00  -0.39665E-01
  0.59469E+00  0.55814E-01
  0.66281E+00  0.15795E+00
  0.71606E+00  0.26478E+00
  0.75605E+00  0.37608E+00
  0.78326E+00  0.49267E+00
  0.79669E+00  0.61578E+00
  0.79371E+00  0.74629E+00
  0.77016E+00  0.88392E+00
  0.72074E+00  0.10262E+01
  0.64004E+00  0.11676E+01
  0.52437E+00  0.12986E+01
  0.37399E+00  0.14068E+01
  0.19512E+00  0.14786E+01
 -0.30225E-12  0.15038E+01
 -0.99763E-14  0.31107E+00
  0.36100E-01  0.31253E+00
  0.72198E-01  0.31698E+00
  0.10827E+00  0.32459E+00
  0.14427E+00  0.33567E+00
  0.18008E+00  0.35067E+00
  0.21546E+00  0.37019E+00
  0.25003E+00  0.39499E+00
  0.28315E+00  0.42600E+00
  0.31378E+00  0.46433E+00
  0.34032E+00  0.51111E+00
  0.36034E+00  0.56743E+00
  0.37040E+00  0.63386E+00
  0.36589E+00  0.70980E+00
  0.34141E+00  0.79238E+00
  0.29197E+00  0.87531E+00
  0.21546E+00  0.94840E+00
  0.11491E+00  0.99937E+00
  0.18341E-03  0.10177E-04
  0.18258E-03  0.66523E-05
  0.18250E-03  0.29337E-05
  0.18324E-03  -0.76665E-06
  0.18473E-03  -0.41957E+00
  0.18188E+00  -0.39773E+00
  0.34956E+00  -0.33659E+00
  0.49344E+00  -0.24625E+00
  0.61053E+00  -0.13854E+00
  0.70282E+00  -0.22643E-01
  0.77492E+00  0.96231E-01
  0.83151E+00  0.21666E+00
  0.87592E+00  0.33977E+00
  0.90950E+00  0.46814E+00
  0.93136E+00  0.60495E+00
  0.93817E+00  0.75319E+00
  0.92395E+00  0.91466E+00
  0.88021E+00  0.10885E+01
  0.79698E+00  0.12692E+01
  0.66542E+00  0.14444E+01
  0.48232E+00  0.15948E+01
  0.25432E+00  0.16978E+01
 -0.15044E-12  0.17345E+01
 -0.17817E-13  0.27353E+00
  0.39024E-01  0.27495E+00
  0.78173E-01  0.27931E+00
  0.11756E+00  0.28679E+00
  0.15727E+00  0.29775E+00
  0.19736E+00  0.31270E+00
  0.23779E+00  0.33235E+00
  0.27838E+00  0.35766E+00
  0.31872E+00  0.38987E+00
  0.35800E+00  0.43054E+00
  0.39476E+00  0.48158E+00
  0.42650E+00  0.54516E+00
  0.44909E+00  0.62340E+00
  0.45619E+00  0.71754E+00
  0.43892E+00  0.82626E+00
  0.38724E+00  0.94259E+00
  0.29332E+00  0.10516E+01
  0.15963E+00  0.11310E+01
  0.17976E-03  0.11590E-04
  0.17850E-03  0.72928E-05
  0.17832E-03  0.25786E-05
  0.17920E-03  -0.20654E-05
  0.18118E-03  -0.63248E+00
  0.23320E+00  -0.59964E+00
  0.44084E+00  -0.51008E+00
  0.60945E+00  -0.38477E+00
  0.73686E+00  -0.24436E+00
  0.83107E+00  -0.10313E+00
  0.90214E+00  0.33590E-01
  0.95864E+00  0.16621E+00
  0.10061E+01  0.29835E+00
  0.10469E+01  0.43515E+00
  0.10804E+01  0.58244E+00
  0.11030E+01  0.74623E+00
  0.11068E+01  0.93186E+00
  0.10793E+01  0.11422E+01
  0.10036E+01  0.13743E+01
  0.86081E+00  0.16136E+01
  0.63859E+00  0.18312E+01
  0.34248E+00  0.19865E+01
  0.15686E-12  0.20431E+01
 -0.14428E-12  0.23315E+00
  0.41822E-01  0.23449E+00
  0.83904E-01  0.23855E+00
  0.12650E+00  0.24557E+00
  0.16988E+00  0.25589E+00
  0.21427E+00  0.27008E+00
  0.25989E+00  0.28892E+00
  0.30687E+00  0.31352E+00
  0.35518E+00  0.34536E+00
  0.40449E+00  0.38646E+00
  0.45385E+00  0.43952E+00
  0.50122E+00  0.50806E+00
  0.54256E+00  0.59645E+00
  0.57030E+00  0.70942E+00
  0.57146E+00  0.85013E+00
  0.52637E+00  0.10152E+01
  0.41653E+00  0.11837E+01
  0.23149E+00  0.13172E+01
  0.17519E-03  0.13736E-04
  0.17351E-03  0.82723E-05
  0.17285E-03  0.22784E-05
  0.17424E-03  -0.39227E-05
  0.17670E-03  -0.91576E+00
  0.31127E+00  -0.86098E+00
  0.57672E+00  -0.72003E+00
  0.76826E+00  -0.53542E+00
  0.89695E+00  -0.34894E+00
  0.98184E+00  -0.17761E+00
  0.10431E+01  -0.24258E-01
  0.10941E+01  0.11656E+00
  0.11421E+01  0.25242E+00
  0.11907E+01  0.39171E+00
  0.12396E+01  0.54332E+00
  0.12853E+01  0.71692E+00
  0.13195E+01  0.92296E+00
  0.13260E+01  0.11715E+01
  0.12784E+01  0.14678E+01
  0.11399E+01  0.18011E+01
  0.87700E+00  0.21297E+01
  0.48039E+00  0.23809E+01
 -0.33402E-12  0.24743E+01
 -0.16636E-12  0.19014E+00
  0.44360E-01  0.19131E+00
  0.89116E-01  0.19489E+00
  0.13467E+00  0.20107E+00
  0.18146E+00  0.21022E+00
  0.22994E+00  0.22288E+00
  0.28061E+00  0.23985E+00
  0.33397E+00  0.26227E+00
  0.39052E+00  0.29176E+00
  0.45066E+00  0.33063E+00
  0.51445E+00  0.38220E+00
  0.58116E+00  0.45128E+00
  0.64822E+00  0.54477E+00
  0.70917E+00  0.67217E+00
  0.74873E+00  0.84591E+00
  0.73605E+00  0.10761E+01
  0.61503E+00  0.13518E+01
  0.37023E+00  0.15887E+01
  0.17080E-03  0.16585E-04
  0.16633E-03  0.10660E-04
  0.16590E-03  0.16185E-05
  0.16706E-03  -0.63794E-05
  0.17232E-03  -0.13218E+01
  0.45555E+00  -0.12196E+01
  0.78662E+00  -0.96527E+00
  0.99572E+00  -0.68414E+00
  0.10993E+01  -0.43325E+00
  0.11544E+01  -0.23295E+00
  0.11930E+01  -0.69080E-01
  0.12313E+01  0.71959E-01
  0.12770E+01  0.20319E+00
  0.13332E+01  0.33616E+00
  0.14007E+01  0.48246E+00
  0.14774E+01  0.65523E+00
  0.15569E+01  0.87077E+00
  0.16237E+01  0.11497E+01
  0.16436E+01  0.15160E+01
  0.15507E+01  0.19821E+01
  0.12576E+01  0.25055E+01
  0.72917E+00  0.29405E+01
 -0.15297E-12  0.31183E+01
 -0.23134E-12  0.14483E+00
  0.46505E-01  0.14577E+00
  0.93530E-01  0.14866E+00
  0.14162E+00  0.15366E+00
  0.19136E+00  0.16110E+00
  0.24344E+00  0.17145E+00
  0.29862E+00  0.18544E+00
  0.35785E+00  0.20411E+00
  0.42221E+00  0.22901E+00
  0.49302E+00  0.26245E+00
  0.57175E+00  0.30790E+00
  0.65986E+00  0.37082E+00
  0.75825E+00  0.45976E+00
  0.86512E+00  0.58943E+00
  0.97263E+00  0.78095E+00
  0.10454E+01  0.10779E+01
  0.99863E+00  0.15203E+01
  0.58228E+00  0.20464E+01
  0.16059E-03  0.24442E-04
  0.15999E-03  0.13483E-04
  0.15391E-03  0.23421E-05
  0.16061E-03  -0.13327E-04
  0.16206E-03  -0.19666E+01
  0.67237E+00  -0.17178E+01
  0.11797E+01  -0.12461E+01
  0.13201E+01  -0.77236E+00
  0.13445E+01  -0.46747E+00
  0.13392E+01  -0.25089E+00
  0.13412E+01  -0.91820E-01
  0.13604E+01  0.36859E-01
  0.14008E+01  0.15218E+00
  0.14640E+01  0.26765E+00
  0.15516E+01  0.39596E+00
  0.16648E+01  0.55196E+00
  0.18030E+01  0.75630E+00
  0.19600E+01  0.10402E+01
  0.21105E+01  0.14530E+01
  0.21715E+01  0.20744E+01
  0.19322E+01  0.29352E+01
  0.11219E+01  0.38237E+01
  0.10035E-12  0.41660E+01
  0.11649E-13  0.97647E-01
  0.48137E-01  0.98310E-01
  0.96894E-01  0.10034E+00
  0.14693E+00  0.10387E+00
  0.19896E+00  0.10912E+00
  0.25386E+00  0.11647E+00
  0.31265E+00  0.12646E+00
  0.37664E+00  0.13990E+00
  0.44750E+00  0.15802E+00
  0.52748E+00  0.18270E+00
  0.61957E+00  0.21691E+00
  0.72790E+00  0.26547E+00
  0.85800E+00  0.33696E+00
  0.10178E+01  0.44523E+00
  0.12126E+01  0.62590E+00
  0.14590E+01  0.90607E+00
  0.16424E+01  0.15564E+01
  0.16780E+01  0.26496E+01
  0.19315E-03  0.23754E-04
  0.13634E-03  0.36718E-04
  0.13468E-03  -0.20721E-05
  0.13673E-03  -0.21643E-04
  0.19385E-03  -0.32989E+01
  0.17708E+01  -0.26615E+01
  0.18308E+01  -0.12580E+01
  0.17450E+01  -0.73333E+00
  0.16007E+01  -0.40766E+00
  0.15141E+01  -0.21675E+00
  0.14706E+01  -0.85688E-01
  0.14680E+01  0.14124E-01
  0.15016E+01  0.10088E+00
  0.15705E+01  0.18680E+00
  0.16768E+01  0.28305E+00
  0.18258E+01  0.40300E+00
  0.20268E+01  0.56641E+00
  0.22919E+01  0.80888E+00
  0.26352E+01  0.11915E+01
  0.30326E+01  0.18669E+01
  0.32965E+01  0.32313E+01
  0.27618E+01  0.50578E+01
 -0.24143E-12  0.62622E+01
  0.13764E-12  0.49161E-01
  0.49158E-01  0.49503E-01
  0.99001E-01  0.50551E-01
  0.15026E+00  0.52374E-01
  0.20375E+00  0.55097E-01
  0.26045E+00  0.58913E-01
  0.32157E+00  0.64120E-01
  0.38868E+00  0.71165E-01
  0.46388E+00  0.80726E-01
  0.55009E+00  0.93866E-01
  0.65154E+00  0.11230E+00
  0.77454E+00  0.13896E+00
  0.92916E+00  0.17885E+00
  0.11313E+01  0.24323E+00
  0.14142E+01  0.34493E+00
  0.18096E+01  0.58656E+00
  0.25868E+01  0.72451E+00
  0.29554E+01  0.41117E+01
  0.10768E+02  0.16176E-03
  0.99678E+01  0.28626E-04
  0.99987E+01  0.85962E-05
  0.99684E+01  -0.76846E-04
  0.10752E+02  -0.77987E+01
  0.30525E+01  -0.17530E+01
  0.27797E+01  -0.93517E+00
  0.21029E+01  -0.44506E+00
  0.18125E+01  -0.24433E+00
  0.16415E+01  -0.12622E+00
  0.15606E+01  -0.51699E-01
  0.15399E+01  0.33713E-02
  0.15679E+01  0.50141E-01
  0.16405E+01  0.96140E-01
  0.17602E+01  0.14794E+00
  0.19361E+01  0.21349E+00
  0.21864E+01  0.30560E+00
  0.25455E+01  0.44581E+00
  0.30713E+01  0.69580E+00
  0.39215E+01  0.10891E+01
  0.51230E+01  0.27291E+01
  0.88391E+01  0.88065E+01
  0.23686E-12  0.11161E+02
 -0.85265E-13  0.14211E-12
  0.49506E-01  0.32685E-12
  0.99719E-01  0.25580E-12
  0.15139E+00  -0.18474E-12
  0.20538E+00  0.42633E-13
  0.26270E+00  0.28422E-13
  0.32462E+00  -0.14211E-13
  0.39282E+00  0.42633E-13
  0.46954E+00  0.11369E-12
  0.55797E+00  0.14211E-12
  0.66277E+00  0.28422E-13
  0.79116E+00  -0.56843E-13
  0.95481E+00  0.19895E-12
  0.11743E+01  -0.20606E-12
  0.14875E+01  -0.92371E-13
  0.19847E+01  -0.21316E-13
  0.28279E+01  0.99476E-13
  0.50323E+01  0.63949E-13
  0.92248E+01  -0.15987E-12
  0.10025E+02  0.10658E-13
  0.99944E+01  0.90594E-13
  0.10025E+02  -0.35527E-13
  0.92403E+01  -0.42633E-13
  0.51291E+01  0.12790E-12
  0.30227E+01  0.71054E-13
  0.22804E+01  -0.42633E-13
  0.18893E+01  -0.17053E-12
  0.16893E+01  0.25580E-12
  0.15928E+01  -0.12790E-12
  0.15653E+01  0.14211E-13
  0.15910E+01  -0.31264E-12
  0.16649E+01  0.12790E-12
  0.17894E+01  -0.29843E-12
  0.19753E+01  0.12790E-12
  0.22446E+01  0.24158E-12
  0.26397E+01  -0.34106E-12
  0.32495E+01  -0.25580E-12
  0.42640E+01  0.11369E-12
  0.63275E+01  -0.25580E-12
  0.11194E+02  0.36948E-12
  0.78160E-13  -0.18497E-12
